0 0.46875 0.18629807692307693 0.016826923076923076 0.038461538461538464
0 0.1875 0.18870192307692307 0.014423076923076924 0.038461538461538464
0 0.23197115384615385 0.19831730769230768 0.014423076923076924 0.04326923076923077
0 0.30288461538461536 0.2091346153846154 0.014423076923076924 0.03365384615384615
0 0.27283653846153844 0.21394230769230768 0.014423076923076924 0.03365384615384615
0 0.38461538461538464 0.22596153846153846 0.014423076923076924 0.03365384615384615
0 0.5168269230769231 0.24519230769230768 0.019230769230769232 0.038461538461538464
0 0.052884615384615384 0.25600961538461536 0.01201923076923077 0.038461538461538464
0 0.25240384615384615 0.2800480769230769 0.016826923076923076 0.04807692307692308
0 0.8004807692307693 0.30408653846153844 0.019230769230769232 0.038461538461538464
0 0.7560096153846154 0.3858173076923077 0.019230769230769232 0.05048076923076923