0 0.8137019230769231 0.53125 0.038461538461538464 0.016826923076923076
0 0.8112980769230769 0.8125 0.038461538461538464 0.014423076923076924
0 0.8016826923076923 0.7680288461538461 0.04326923076923077 0.014423076923076924
0 0.7908653846153846 0.6971153846153846 0.03365384615384615 0.016826923076923076
0 0.7860576923076923 0.7271634615384616 0.03365384615384615 0.014423076923076924
0 0.7740384615384616 0.6153846153846154 0.03365384615384615 0.014423076923076924
0 0.7548076923076923 0.4831730769230769 0.038461538461538464 0.019230769230769232
0 0.7439903846153846 0.9471153846153846 0.038461538461538464 0.01201923076923077
0 0.7199519230769231 0.7475961538461539 0.04807692307692308 0.016826923076923076
0 0.6959134615384616 0.19951923076923078 0.038461538461538464 0.019230769230769232
0 0.6141826923076923 0.2439903846153846 0.05048076923076923 0.019230769230769232