0 0.46634615384615385 0.18509615384615385 0.016826923076923076 0.038461538461538464
0 0.09735576923076923 0.20552884615384615 0.009615384615384616 0.028846153846153848
0 0.27283653846153844 0.21394230769230768 0.014423076923076924 0.03365384615384615
0 0.12139423076923077 0.21634615384615385 0.014423076923076924 0.038461538461538464
0 0.17307692307692307 0.21754807692307693 0.014423076923076924 0.038461538461538464
0 0.37259615384615385 0.23317307692307693 0.014423076923076924 0.03365384615384615
0 0.5120192307692307 0.24639423076923078 0.019230769230769232 0.038461538461538464
0 0.052884615384615384 0.25600961538461536 0.009615384615384616 0.038461538461538464
0 0.09495192307692307 0.25600961538461536 0.014423076923076924 0.038461538461538464
0 0.24158653846153846 0.2848557692307692 0.014423076923076924 0.04326923076923077
0 0.8004807692307693 0.30408653846153844 0.019230769230769232 0.038461538461538464
0 0.8028846153846154 0.3954326923076923 0.019230769230769232 0.05048076923076923