0 0.18509615384615385 0.5336538461538461 0.038461538461538464 0.016826923076923076
0 0.20552884615384615 0.9026442307692307 0.028846153846153848 0.009615384615384616
0 0.21394230769230768 0.7271634615384616 0.03365384615384615 0.014423076923076924
0 0.21634615384615385 0.8786057692307693 0.038461538461538464 0.014423076923076924
0 0.21754807692307693 0.8269230769230769 0.038461538461538464 0.014423076923076924
0 0.23317307692307693 0.6274038461538461 0.03365384615384615 0.014423076923076924
0 0.24639423076923078 0.4879807692307692 0.038461538461538464 0.019230769230769232
0 0.25600961538461536 0.9471153846153846 0.038461538461538464 0.009615384615384616
0 0.25600961538461536 0.9050480769230769 0.038461538461538464 0.014423076923076924
0 0.2848557692307692 0.7584134615384616 0.04326923076923077 0.014423076923076924
0 0.30408653846153844 0.19951923076923078 0.038461538461538464 0.019230769230769232
0 0.3954326923076923 0.1971153846153846 0.05048076923076923 0.019230769230769232