0 0.796875 0.31009615384615385 0.04807692307692308 0.019230769230769232
0 0.7692307692307693 0.78125 0.040865384615384616 0.016826923076923076
0 0.7439903846153846 0.18389423076923078 0.04326923076923077 0.016826923076923076
0 0.6189903846153846 0.32572115384615385 0.057692307692307696 0.028846153846153848
0 0.9603365384615384 0.28365384615384615 0.028846153846153848 0.014423076923076924
0 0.9543269230769231 0.4387019230769231 0.052884615384615384 0.019230769230769232
0 0.9435096153846154 0.65625 0.03365384615384615 0.016826923076923076
0 0.3786057692307692 0.057692307692307696 0.04807692307692308 0.028846153846153848
0 0.34975961538461536 0.2439903846153846 0.052884615384615384 0.028846153846153848
0 0.9230769230769231 0.5877403846153846 0.03365384615384615 0.014423076923076924
0 0.8762019230769231 0.7115384615384616 0.04567307692307692 0.019230769230769232
0 0.8713942307692307 0.5985576923076923 0.038461538461538464 0.019230769230769232
0 0.8689903846153846 0.30408653846153844 0.04807692307692308 0.016826923076923076