0 0.13942307692307693 0.2980769230769231 0.04807692307692308 0.016826923076923076
0 0.23076923076923078 0.78125 0.040865384615384616 0.016826923076923076
0 0.25600961538461536 0.18629807692307693 0.04326923076923077 0.016826923076923076
0 0.038461538461538464 0.33653846153846156 0.038461538461538464 0.014423076923076924
0 0.039663461538461536 0.28365384615384615 0.028846153846153848 0.014423076923076924
0 0.390625 0.6394230769230769 0.04326923076923077 0.028846153846153848
0 0.3942307692307692 0.3245192307692308 0.0625 0.02403846153846154
0 0.4519230769230769 0.13221153846153846 0.04326923076923077 0.019230769230769232
0 0.06129807692307692 0.6622596153846154 0.03365384615384615 0.016826923076923076
0 0.6502403846153846 0.2439903846153846 0.052884615384615384 0.028846153846153848
0 0.7271634615384616 0.040865384615384616 0.04807692307692308 0.021634615384615384
0 0.07692307692307693 0.5877403846153846 0.03365384615384615 0.014423076923076924
0 0.09615384615384616 0.37259615384615385 0.04807692307692308 0.019230769230769232
0 0.12379807692307693 0.7175480769230769 0.04567307692307692 0.019230769230769232
0 0.12740384615384615 0.6009615384615384 0.038461538461538464 0.014423076923076924
0 0.12860576923076922 0.4230769230769231 0.057692307692307696 0.021634615384615384