0 0.8605769230769231 0.7019230769230769 0.04807692307692308 0.016826923076923076
0 0.7692307692307693 0.21875 0.040865384615384616 0.016826923076923076
0 0.7439903846153846 0.8137019230769231 0.04326923076923077 0.016826923076923076
0 0.9615384615384616 0.6634615384615384 0.038461538461538464 0.014423076923076924
0 0.9603365384615384 0.7163461538461539 0.028846153846153848 0.014423076923076924
0 0.609375 0.3605769230769231 0.04326923076923077 0.028846153846153848
0 0.6057692307692307 0.6754807692307693 0.0625 0.02403846153846154
0 0.5480769230769231 0.8677884615384616 0.04326923076923077 0.019230769230769232
0 0.9387019230769231 0.33774038461538464 0.03365384615384615 0.016826923076923076
0 0.34975961538461536 0.7560096153846154 0.052884615384615384 0.028846153846153848
0 0.27283653846153844 0.9591346153846154 0.04807692307692308 0.021634615384615384
0 0.9230769230769231 0.41225961538461536 0.03365384615384615 0.014423076923076924
0 0.9038461538461539 0.6274038461538461 0.04807692307692308 0.019230769230769232
0 0.8762019230769231 0.2824519230769231 0.04567307692307692 0.019230769230769232
0 0.8725961538461539 0.39903846153846156 0.038461538461538464 0.014423076923076924
0 0.8713942307692307 0.5769230769230769 0.057692307692307696 0.021634615384615384