0 0.1310096153846154 0.7896634615384616 0.052884615384615384 0.019230769230769232
0 0.015625 0.5336538461538461 0.028846153846153848 0.014423076923076924
0 0.16346153846153846 0.33413461538461536 0.0625 0.02403846153846154
0 0.1658653846153846 0.27163461538461536 0.057692307692307696 0.02403846153846154
0 0.17548076923076922 0.3858173076923077 0.0625 0.028846153846153848
0 0.48197115384615385 0.07451923076923077 0.07451923076923077 0.028846153846153848
0 0.4879807692307692 0.15985576923076922 0.10096153846153846 0.038461538461538464
0 0.5985576923076923 0.4495192307692308 0.12980769230769232 0.055288461538461536
0 0.06610576923076923 0.4879807692307692 0.04326923076923077 0.019230769230769232
0 0.06850961538461539 0.46274038461538464 0.038461538461538464 0.014423076923076924
0 0.06971153846153846 0.5120192307692307 0.040865384615384616 0.014423076923076924
0 0.07451923076923077 0.5625 0.038461538461538464 0.019230769230769232