0 0.953125 0.7560096153846154 0.0889423076923077 0.06009615384615385
0 0.12740384615384615 0.38461538461538464 0.038461538461538464 0.019230769230769232
0 0.13221153846153846 0.5168269230769231 0.057692307692307696 0.02403846153846154
0 0.14783653846153846 0.6117788461538461 0.06009615384615385 0.021634615384615384
0 0.18629807692307693 0.008413461538461538 0.036057692307692304 0.01201923076923077
0 0.1875 0.28125 0.057692307692307696 0.02403846153846154
0 0.22355769230769232 0.11177884615384616 0.038461538461538464 0.014423076923076924
0 0.27884615384615385 0.7872596153846154 0.052884615384615384 0.028846153846153848
0 0.29447115384615385 0.042067307692307696 0.038461538461538464 0.014423076923076924
0 0.3004807692307692 0.17307692307692307 0.057692307692307696 0.019230769230769232
0 0.042067307692307696 0.6418269230769231 0.04807692307692308 0.019230769230769232
0 0.5552884615384616 0.35697115384615385 0.0673076923076923 0.040865384615384616