0 0.04567307692307692 0.24519230769230768 0.09134615384615384 0.057692307692307696
0 0.8725961538461539 0.6153846153846154 0.038461538461538464 0.019230769230769232
0 0.8677884615384616 0.4831730769230769 0.057692307692307696 0.02403846153846154
0 0.8521634615384616 0.38822115384615385 0.06009615384615385 0.021634615384615384
0 0.8137019230769231 0.9915865384615384 0.036057692307692304 0.01201923076923077
0 0.8125 0.71875 0.057692307692307696 0.02403846153846154
0 0.7764423076923077 0.8882211538461539 0.038461538461538464 0.014423076923076924
0 0.7211538461538461 0.2127403846153846 0.052884615384615384 0.028846153846153848
0 0.7055288461538461 0.9579326923076923 0.038461538461538464 0.014423076923076924
0 0.6995192307692307 0.8269230769230769 0.057692307692307696 0.019230769230769232
0 0.9579326923076923 0.3581730769230769 0.04807692307692308 0.019230769230769232
0 0.44471153846153844 0.6430288461538461 0.0673076923076923 0.040865384615384616