0 0.24639423076923078 0.953125 0.06009615384615385 0.0889423076923077
0 0.6153846153846154 0.12740384615384615 0.019230769230769232 0.038461538461538464
0 0.4831730769230769 0.13221153846153846 0.02403846153846154 0.057692307692307696
0 0.38822115384615385 0.14783653846153846 0.021634615384615384 0.06009615384615385
0 0.9915865384615384 0.18629807692307693 0.01201923076923077 0.036057692307692304
0 0.71875 0.1875 0.02403846153846154 0.057692307692307696
0 0.8882211538461539 0.22355769230769232 0.014423076923076924 0.038461538461538464
0 0.2127403846153846 0.27884615384615385 0.028846153846153848 0.052884615384615384
0 0.9579326923076923 0.29447115384615385 0.014423076923076924 0.038461538461538464
0 0.8269230769230769 0.3004807692307692 0.019230769230769232 0.057692307692307696
0 0.3581730769230769 0.042067307692307696 0.019230769230769232 0.04807692307692308
0 0.6430288461538461 0.5552884615384616 0.040865384615384616 0.0673076923076923