1 0.21514423076923078 0.5132211538461539 0.038461538461538464 0.10576923076923077
1 0.671875 0.5144230769230769 0.052884615384615384 0.11057692307692307
1 0.41586538461538464 0.21875 0.03125 0.07692307692307693
1 0.9326923076923077 0.2860576923076923 0.04326923076923077 0.08653846153846154
1 0.29927884615384615 0.30408653846153844 0.03365384615384615 0.09375
1 0.18629807692307693 0.31490384615384615 0.04326923076923077 0.09615384615384616
1 0.38221153846153844 0.3245192307692308 0.052884615384615384 0.13701923076923078
1 0.6838942307692307 0.36177884615384615 0.055288461538461536 0.125
1 0.11899038461538461 0.40384615384615385 0.052884615384615384 0.10576923076923077
1 0.45913461538461536 0.49038461538461536 0.05048076923076923 0.11538461538461539
1 0.8966346153846154 0.49158653846153844 0.04567307692307692 0.11057692307692307