1 0.8677884615384616 0.2932692307692308 0.10336538461538461 0.0625
1 0.8557692307692307 0.359375 0.10576923076923077 0.04326923076923077
1 0.8209134615384616 0.4891826923076923 0.0985576923076923 0.04326923076923077
1 0.8100961538461539 0.234375 0.07692307692307693 0.038461538461538464
1 0.7776442307692307 0.9182692307692307 0.1201923076923077 0.04326923076923077
1 0.6959134615384616 0.9735576923076923 0.11778846153846154 0.04807692307692308
1 0.9591346153846154 0.24158653846153846 0.07211538461538461 0.038461538461538464
1 0.9519230769230769 0.5012019230769231 0.08413461538461539 0.04326923076923077
1 0.49038461538461536 0.7536057692307693 0.14903846153846154 0.07211538461538461
1 0.9459134615384616 0.5528846153846154 0.09134615384615384 0.038461538461538464
1 0.46153846153846156 0.8978365384615384 0.19951923076923078 0.08653846153846154
1 0.4423076923076923 0.22355769230769232 0.2283653846153846 0.09615384615384616
1 0.9435096153846154 0.5973557692307693 0.0673076923076923 0.03365384615384615
1 0.4182692307692308 0.546875 0.19230769230769232 0.07692307692307693
1 0.33653846153846156 0.06129807692307692 0.24759615384615385 0.10096153846153846
1 0.9242788461538461 0.15504807692307693 0.08653846153846154 0.038461538461538464
1 0.9182692307692307 0.6526442307692307 0.08413461538461539 0.03365384615384615
1 0.13581730769230768 0.3605769230769231 0.25 0.08653846153846154
1 0.9110576923076923 0.7019230769230769 0.10576923076923077 0.038461538461538464
1 0.8954326923076923 0.8677884615384616 0.08413461538461539 0.04326923076923077
1 0.8834134615384616 0.8149038461538461 0.09375 0.04326923076923077