1 0.12620192307692307 0.6033653846153846 0.04326923076923077 0.02403846153846154
1 0.14302884615384615 0.30408653846153844 0.05048076923076923 0.028846153846153848
1 0.1935096153846154 0.8545673076923077 0.04807692307692308 0.021634615384615384
1 0.02283653846153846 0.9903846153846154 0.04567307692307692 0.014423076923076924
1 0.2091346153846154 0.5096153846153846 0.04326923076923077 0.028846153846153848
1 0.21875 0.734375 0.04326923076923077 0.021634615384615384
1 0.27524038461538464 0.9242788461538461 0.04326923076923077 0.019230769230769232
1 0.28725961538461536 0.38100961538461536 0.052884615384615384 0.028846153846153848
1 0.296875 0.14182692307692307 0.05048076923076923 0.019230769230769232
1 0.03125 0.41586538461538464 0.038461538461538464 0.021634615384615384
1 0.3137019230769231 0.6478365384615384 0.05048076923076923 0.028846153846153848
1 0.03365384615384615 0.7620192307692307 0.04326923076923077 0.02403846153846154
1 0.03365384615384615 0.49759615384615385 0.038461538461538464 0.02403846153846154
1 0.34375 0.171875 0.03365384615384615 0.028846153846153848
1 0.34615384615384615 0.5733173076923077 0.055288461538461536 0.02403846153846154
1 0.35216346153846156 0.4014423076923077 0.04807692307692308 0.028846153846153848
1 0.375 0.010817307692307692 0.0625 0.019230769230769232
1 0.3954326923076923 0.6310096153846154 0.055288461538461536 0.028846153846153848
1 0.040865384615384616 0.9146634615384616 0.04807692307692308 0.02403846153846154
1 0.4579326923076923 0.07932692307692307 0.0625 0.028846153846153848
1 0.46153846153846156 0.18269230769230768 0.0625 0.038461538461538464
1 0.48677884615384615 0.3605769230769231 0.06971153846153846 0.028846153846153848
1 0.4879807692307692 0.41947115384615385 0.057692307692307696 0.028846153846153848
1 0.4879807692307692 0.5612980769230769 0.0625 0.03125
1 0.5360576923076923 0.8930288461538461 0.0625 0.028846153846153848
1 0.5372596153846154 0.7391826923076923 0.0625 0.03365384615384615
1 0.055288461538461536 0.6057692307692307 0.040865384615384616 0.019230769230769232
1 0.6322115384615384 0.38461538461538464 0.06490384615384616 0.019230769230769232
1 0.6682692307692307 0.4170673076923077 0.057692307692307696 0.038461538461538464
1 0.6838942307692307 0.9194711538461539 0.06009615384615385 0.03365384615384615
1 0.7367788461538461 0.109375 0.04807692307692308 0.038461538461538464
1 0.7548076923076923 0.9002403846153846 0.07692307692307693 0.038461538461538464
1 0.7584134615384616 0.6358173076923077 0.06971153846153846 0.03365384615384615
1 0.07692307692307693 0.18269230769230768 0.038461538461538464 0.026442307692307692
1 0.8509615384615384 0.8990384615384616 0.07692307692307693 0.038461538461538464
1 0.08533653846153846 0.06490384615384616 0.04326923076923077 0.02403846153846154
1 0.09134615384615384 0.9819711538461539 0.052884615384615384 0.02403846153846154
1 0.09615384615384616 0.4170673076923077 0.04326923076923077 0.026442307692307692