1 0.8052884615384616 0.4362980769230769 0.0673076923076923 0.03125
1 0.8028846153846154 0.9314903846153846 0.0625 0.028846153846153848
1 0.9783653846153846 0.18389423076923078 0.038461538461538464 0.026442307692307692
1 0.78125 0.6983173076923077 0.0625 0.03125
1 0.7560096153846154 0.3641826923076923 0.07211538461538461 0.028846153846153848
1 0.9723557692307693 0.5721153846153846 0.05048076923076923 0.028846153846153848
1 0.7139423076923077 0.9182692307692307 0.0673076923076923 0.028846153846153848
1 0.6971153846153846 0.7572115384615384 0.057692307692307696 0.028846153846153848
1 0.6586538461538461 0.04326923076923077 0.05048076923076923 0.03125
1 0.6526442307692307 0.6526442307692307 0.052884615384615384 0.03365384615384615
1 0.6442307692307693 0.9639423076923077 0.06009615384615385 0.03365384615384615
1 0.640625 0.22956730769230768 0.08173076923076923 0.03125
1 0.6382211538461539 0.2283653846153846 0.08173076923076923 0.03365384615384615
1 0.6081730769230769 0.4050480769230769 0.057692307692307696 0.03365384615384615
1 0.9603365384615384 0.2127403846153846 0.04807692307692308 0.028846153846153848
1 0.6021634615384616 0.8942307692307693 0.04326923076923077 0.03125
1 0.9567307692307693 0.8485576923076923 0.0625 0.026442307692307692
1 0.5324519230769231 0.8978365384615384 0.06971153846153846 0.028846153846153848
1 0.5180288461538461 0.4519230769230769 0.06971153846153846 0.036057692307692304
1 0.5144230769230769 0.10336538461538461 0.06971153846153846 0.038461538461538464
1 0.5084134615384616 0.6742788461538461 0.08173076923076923 0.038461538461538464
1 0.5 0.8365384615384616 0.057692307692307696 0.03365384615384615
0 0.9471153846153846 0.0733173076923077 0.057692307692307696 0.02403846153846154
1 0.46274038461538464 0.19951923076923078 0.07692307692307693 0.038461538461538464
1 0.45072115384615385 0.5576923076923077 0.08173076923076923 0.038461538461538464
1 0.4170673076923077 0.8269230769230769 0.08653846153846154 0.038461538461538464
1 0.9399038461538461 0.9278846153846154 0.06009615384615385 0.03125
1 0.3245192307692308 0.08533653846153846 0.07211538461538461 0.02403846153846154
1 0.9278846153846154 0.6899038461538461 0.052884615384615384 0.028846153846153848
1 0.265625 0.04567307692307692 0.07211538461538461 0.04326923076923077
1 0.21754807692307693 0.2848557692307692 0.09375 0.038461538461538464
1 0.21033653846153846 0.8737980769230769 0.06971153846153846 0.038461538461538464
1 0.19230769230769232 0.6165865384615384 0.08653846153846154 0.038461538461538464
1 0.13341346153846154 0.7451923076923077 0.0673076923076923 0.04326923076923077
1 0.9086538461538461 0.5012019230769231 0.052884615384615384 0.026442307692307692
1 0.08173076923076923 0.8473557692307693 0.08653846153846154 0.04326923076923077
1 0.8990384615384616 0.40865384615384615 0.0625 0.028846153846153848
1 0.8990384615384616 0.15985576923076922 0.052884615384615384 0.026442307692307692
1 0.8461538461538461 0.4735576923076923 0.04326923076923077 0.026442307692307692
1 0.8449519230769231 0.7211538461538461 0.057692307692307696 0.026442307692307692
1 0.8377403846153846 0.8509615384615384 0.052884615384615384 0.03125
1 0.8197115384615384 0.3389423076923077 0.057692307692307696 0.026442307692307692