1 0.5637019230769231 0.19471153846153846 0.03125 0.0673076923076923
1 0.06850961538461539 0.1971153846153846 0.028846153846153848 0.0625
1 0.8161057692307693 0.020432692307692308 0.02403846153846154 0.040865384615384616
1 0.3016826923076923 0.21875 0.028846153846153848 0.0625
1 0.6358173076923077 0.2439903846153846 0.028846153846153848 0.07211538461538461
1 0.42788461538461536 0.027644230769230768 0.028846153846153848 0.05048076923076923
1 0.08173076923076923 0.2860576923076923 0.028846153846153848 0.0673076923076923
1 0.24278846153846154 0.30288461538461536 0.028846153846153848 0.057692307692307696
1 0.9567307692307693 0.34134615384615385 0.03125 0.05048076923076923
1 0.3473557692307692 0.3473557692307692 0.03365384615384615 0.052884615384615384
1 0.036057692307692304 0.3557692307692308 0.03365384615384615 0.06009615384615385
1 0.7704326923076923 0.359375 0.03125 0.08173076923076923
1 0.7716346153846154 0.36177884615384615 0.03365384615384615 0.08173076923076923
1 0.5949519230769231 0.3918269230769231 0.03365384615384615 0.057692307692307696
1 0.7872596153846154 0.039663461538461536 0.028846153846153848 0.04807692307692308
1 0.10576923076923077 0.39783653846153844 0.03125 0.04326923076923077
1 0.15144230769230768 0.04326923076923077 0.026442307692307692 0.0625
1 0.10216346153846154 0.4675480769230769 0.028846153846153848 0.06971153846153846
1 0.5480769230769231 0.48197115384615385 0.036057692307692304 0.06971153846153846
1 0.8966346153846154 0.4855769230769231 0.038461538461538464 0.06971153846153846
1 0.32572115384615385 0.49158653846153844 0.038461538461538464 0.08173076923076923
1 0.16346153846153846 0.5 0.03365384615384615 0.057692307692307696
0 0.9266826923076923 0.052884615384615384 0.02403846153846154 0.057692307692307696
1 0.8004807692307693 0.5372596153846154 0.038461538461538464 0.07692307692307693
1 0.4423076923076923 0.5492788461538461 0.038461538461538464 0.08173076923076923
1 0.17307692307692307 0.5829326923076923 0.038461538461538464 0.08653846153846154
1 0.07211538461538461 0.06009615384615385 0.028846153846153848 0.06009615384615385
1 0.9146634615384616 0.6754807692307693 0.02403846153846154 0.07211538461538461
1 0.31009615384615385 0.07211538461538461 0.028846153846153848 0.052884615384615384
1 0.9543269230769231 0.734375 0.04326923076923077 0.07211538461538461
1 0.7151442307692307 0.7824519230769231 0.038461538461538464 0.09375
1 0.12620192307692307 0.7896634615384616 0.038461538461538464 0.06971153846153846
1 0.38341346153846156 0.8076923076923077 0.038461538461538464 0.08653846153846154
1 0.2548076923076923 0.8665865384615384 0.04326923076923077 0.0673076923076923
1 0.4987980769230769 0.09134615384615384 0.026442307692307692 0.052884615384615384
1 0.15264423076923078 0.9182692307692307 0.04326923076923077 0.08653846153846154
1 0.5913461538461539 0.10096153846153846 0.028846153846153848 0.0625
1 0.8401442307692307 0.10096153846153846 0.026442307692307692 0.052884615384615384
1 0.5264423076923077 0.15384615384615385 0.026442307692307692 0.04326923076923077
1 0.27884615384615385 0.15504807692307693 0.026442307692307692 0.057692307692307696
1 0.14903846153846154 0.1622596153846154 0.03365384615384615 0.052884615384615384
1 0.6610576923076923 0.18028846153846154 0.026442307692307692 0.057692307692307696