1 0.19471153846153846 0.4362980769230769 0.0673076923076923 0.03125
1 0.1971153846153846 0.9314903846153846 0.0625 0.028846153846153848
1 0.020432692307692308 0.18389423076923078 0.040865384615384616 0.02403846153846154
1 0.21875 0.6983173076923077 0.0625 0.03125
1 0.2439903846153846 0.3641826923076923 0.07211538461538461 0.028846153846153848
1 0.027644230769230768 0.5721153846153846 0.05048076923076923 0.028846153846153848
1 0.2860576923076923 0.9182692307692307 0.0673076923076923 0.028846153846153848
1 0.30288461538461536 0.7572115384615384 0.057692307692307696 0.028846153846153848
1 0.34134615384615385 0.04326923076923077 0.05048076923076923 0.03125
1 0.3473557692307692 0.6526442307692307 0.052884615384615384 0.03365384615384615
1 0.3557692307692308 0.9639423076923077 0.06009615384615385 0.03365384615384615
1 0.359375 0.22956730769230768 0.08173076923076923 0.03125
1 0.36177884615384615 0.2283653846153846 0.08173076923076923 0.03365384615384615
1 0.3918269230769231 0.4050480769230769 0.057692307692307696 0.03365384615384615
1 0.039663461538461536 0.2127403846153846 0.04807692307692308 0.028846153846153848
1 0.39783653846153844 0.8942307692307693 0.04326923076923077 0.03125
1 0.04326923076923077 0.8485576923076923 0.0625 0.026442307692307692
1 0.4675480769230769 0.8978365384615384 0.06971153846153846 0.028846153846153848
1 0.48197115384615385 0.4519230769230769 0.06971153846153846 0.036057692307692304
1 0.4855769230769231 0.10336538461538461 0.06971153846153846 0.038461538461538464
1 0.49158653846153844 0.6742788461538461 0.08173076923076923 0.038461538461538464
1 0.5 0.8365384615384616 0.057692307692307696 0.03365384615384615
0 0.052884615384615384 0.0733173076923077 0.057692307692307696 0.02403846153846154
1 0.5372596153846154 0.19951923076923078 0.07692307692307693 0.038461538461538464
1 0.5492788461538461 0.5576923076923077 0.08173076923076923 0.038461538461538464
1 0.5829326923076923 0.8269230769230769 0.08653846153846154 0.038461538461538464
1 0.06009615384615385 0.9278846153846154 0.06009615384615385 0.03125
1 0.6754807692307693 0.08533653846153846 0.07211538461538461 0.02403846153846154
1 0.07211538461538461 0.6899038461538461 0.052884615384615384 0.028846153846153848
1 0.734375 0.04567307692307692 0.07211538461538461 0.04326923076923077
1 0.7824519230769231 0.2848557692307692 0.09375 0.038461538461538464
1 0.7896634615384616 0.8737980769230769 0.06971153846153846 0.038461538461538464
1 0.8076923076923077 0.6165865384615384 0.08653846153846154 0.038461538461538464
1 0.8665865384615384 0.7451923076923077 0.0673076923076923 0.04326923076923077
1 0.09134615384615384 0.5012019230769231 0.052884615384615384 0.026442307692307692
1 0.9182692307692307 0.8473557692307693 0.08653846153846154 0.04326923076923077
1 0.10096153846153846 0.40865384615384615 0.0625 0.028846153846153848
1 0.10096153846153846 0.15985576923076922 0.052884615384615384 0.026442307692307692
1 0.15384615384615385 0.4735576923076923 0.04326923076923077 0.026442307692307692
1 0.15504807692307693 0.7211538461538461 0.057692307692307696 0.026442307692307692
1 0.1622596153846154 0.8509615384615384 0.052884615384615384 0.03125
1 0.18028846153846154 0.3389423076923077 0.057692307692307696 0.026442307692307692