1 0.18990384615384615 0.12980769230769232 0.13221153846153846 0.04807692307692308
1 0.0733173076923077 0.47115384615384615 0.11538461538461539 0.057692307692307696
1 0.9050480769230769 0.3269230769230769 0.055288461538461536 0.026442307692307692
1 0.9050480769230769 0.8689903846153846 0.04807692307692308 0.02403846153846154
1 0.8954326923076923 0.4411057692307692 0.04326923076923077 0.014423076923076924
1 0.8942307692307693 0.5600961538461539 0.057692307692307696 0.028846153846153848
1 0.8846153846153846 0.8173076923076923 0.052884615384615384 0.026442307692307692
1 0.8834134615384616 0.5012019230769231 0.057692307692307696 0.02403846153846154
1 0.8689903846153846 0.3581730769230769 0.052884615384615384 0.026442307692307692
1 0.8641826923076923 0.4182692307692308 0.04807692307692308 0.019230769230769232
1 0.8617788461538461 0.9555288461538461 0.055288461538461536 0.026442307692307692
1 0.8605769230769231 0.16346153846153846 0.05048076923076923 0.019230769230769232
1 0.8545673076923077 0.2536057692307692 0.052884615384615384 0.026442307692307692
1 0.8389423076923077 0.9038461538461539 0.0625 0.028846153846153848
1 0.8317307692307693 0.8701923076923077 0.04326923076923077 0.02403846153846154
1 0.8317307692307693 0.6838942307692307 0.06490384615384616 0.03125
1 0.7992788461538461 0.6009615384615384 0.06490384615384616 0.028846153846153848
1 0.7920673076923077 0.13341346153846154 0.06490384615384616 0.016826923076923076
1 0.7908653846153846 0.22596153846153846 0.04326923076923077 0.026442307692307692
1 0.7872596153846154 0.19110576923076922 0.052884615384615384 0.02403846153846154
1 0.7848557692307693 0.78125 0.04807692307692308 0.021634615384615384
1 0.7836538461538461 0.5564903846153846 0.05048076923076923 0.028846153846153848
1 0.7800480769230769 0.28125 0.04807692307692308 0.028846153846153848
1 0.7764423076923077 0.37740384615384615 0.07211538461538461 0.03125
1 0.7752403846153846 0.7487980769230769 0.04807692307692308 0.026442307692307692
1 0.765625 0.4831730769230769 0.052884615384615384 0.019230769230769232
1 0.7307692307692307 0.5168269230769231 0.055288461538461536 0.02403846153846154
1 0.7271634615384616 0.45072115384615385 0.057692307692307696 0.03365384615384615
0 0.7259615384615384 0.3233173076923077 0.057692307692307696 0.038461538461538464
1 0.7211538461538461 0.21153846153846154 0.06009615384615385 0.03125
1 0.7199519230769231 0.042067307692307696 0.0625 0.02403846153846154
1 0.7115384615384616 0.6538461538461539 0.07451923076923077 0.038461538461538464
1 0.6995192307692307 0.9338942307692307 0.07932692307692307 0.03365384615384615
1 0.6971153846153846 0.1658653846153846 0.07211538461538461 0.03365384615384615
1 0.6862980769230769 0.8677884615384616 0.08413461538461539 0.03365384615384615
1 0.6862980769230769 0.7800480769230769 0.057692307692307696 0.03365384615384615
1 0.6802884615384616 0.5961538461538461 0.0673076923076923 0.019230769230769232
1 0.6466346153846154 0.010817307692307692 0.0673076923076923 0.019230769230769232
1 0.640625 0.013221153846153846 0.055288461538461536 0.021634615384615384
1 0.9639423076923077 0.3233173076923077 0.05048076923076923 0.02403846153846154
1 0.6346153846153846 0.24519230769230768 0.07692307692307693 0.028846153846153848
1 0.6334134615384616 0.33533653846153844 0.06490384615384616 0.03365384615384615
1 0.6322115384615384 0.7043269230769231 0.07692307692307693 0.03365384615384615
1 0.6117788461538461 0.5132211538461539 0.0625 0.028846153846153848
1 0.6033653846153846 0.07091346153846154 0.07692307692307693 0.038461538461538464
1 0.6021634615384616 0.65625 0.08173076923076923 0.03125
1 0.5721153846153846 0.28725961538461536 0.07932692307692307 0.036057692307692304
1 0.5492788461538461 0.46274038461538464 0.0625 0.02403846153846154
1 0.5288461538461539 0.9038461538461539 0.08413461538461539 0.04326923076923077
1 0.5084134615384616 0.40024038461538464 0.04807692307692308 0.03365384615384615
1 0.4951923076923077 0.6418269230769231 0.0889423076923077 0.040865384615384616
1 0.49399038461538464 0.12139423076923077 0.07692307692307693 0.040865384615384616
1 0.49038461538461536 0.17908653846153846 0.08173076923076923 0.04326923076923077
1 0.4855769230769231 0.4951923076923077 0.08413461538461539 0.03365384615384615
1 0.4639423076923077 0.7403846153846154 0.07692307692307693 0.04807692307692308
1 0.4014423076923077 0.4338942307692308 0.07211538461538461 0.04807692307692308
1 0.35216346153846156 0.2512019230769231 0.0985576923076923 0.04807692307692308
1 0.3449519230769231 0.34134615384615385 0.11057692307692307 0.04807692307692308
1 0.9326923076923077 0.7620192307692307 0.05048076923076923 0.021634615384615384
1 0.3137019230769231 0.020432692307692308 0.0985576923076923 0.036057692307692304