1 0.8100961538461539 0.8701923076923077 0.13221153846153846 0.05048076923076923
1 0.9266826923076923 0.5288461538461539 0.11538461538461539 0.057692307692307696
1 0.09495192307692307 0.6730769230769231 0.055288461538461536 0.026442307692307692
1 0.09495192307692307 0.1310096153846154 0.04807692307692308 0.02403846153846154
1 0.1045673076923077 0.5588942307692307 0.04326923076923077 0.014423076923076924
1 0.10576923076923077 0.43990384615384615 0.057692307692307696 0.028846153846153848
1 0.11538461538461539 0.18269230769230768 0.052884615384615384 0.026442307692307692
1 0.11658653846153846 0.4987980769230769 0.057692307692307696 0.02403846153846154
1 0.1310096153846154 0.6418269230769231 0.052884615384615384 0.026442307692307692
1 0.13581730769230768 0.5817307692307693 0.04807692307692308 0.019230769230769232
1 0.13822115384615385 0.04447115384615385 0.055288461538461536 0.02403846153846154
1 0.13942307692307693 0.8365384615384616 0.05048076923076923 0.019230769230769232
1 0.14543269230769232 0.7463942307692307 0.052884615384615384 0.026442307692307692
1 0.16105769230769232 0.09615384615384616 0.0625 0.028846153846153848
1 0.16826923076923078 0.12980769230769232 0.04326923076923077 0.02403846153846154
1 0.16826923076923078 0.3161057692307692 0.06490384615384616 0.028846153846153848
1 0.20072115384615385 0.39903846153846156 0.06490384615384616 0.028846153846153848
1 0.20793269230769232 0.8665865384615384 0.06490384615384616 0.016826923076923076
1 0.2091346153846154 0.7740384615384616 0.04326923076923077 0.026442307692307692
1 0.2127403846153846 0.8088942307692307 0.052884615384615384 0.026442307692307692
1 0.21514423076923078 0.21875 0.04807692307692308 0.019230769230769232
1 0.21634615384615385 0.44350961538461536 0.05048076923076923 0.028846153846153848
1 0.21995192307692307 0.71875 0.04807692307692308 0.028846153846153848
1 0.22355769230769232 0.6225961538461539 0.07211538461538461 0.03125
1 0.2247596153846154 0.2512019230769231 0.04807692307692308 0.02403846153846154
1 0.234375 0.5168269230769231 0.052884615384615384 0.019230769230769232
1 0.2692307692307692 0.4831730769230769 0.055288461538461536 0.02403846153846154
1 0.27283653846153844 0.5492788461538461 0.057692307692307696 0.03365384615384615
0 0.27403846153846156 0.6766826923076923 0.057692307692307696 0.038461538461538464
1 0.27884615384615385 0.7884615384615384 0.06009615384615385 0.03125
1 0.2800480769230769 0.9579326923076923 0.0625 0.02403846153846154
1 0.28846153846153844 0.34615384615384615 0.07451923076923077 0.038461538461538464
1 0.3004807692307692 0.06610576923076923 0.07932692307692307 0.03365384615384615
1 0.30288461538461536 0.8341346153846154 0.07211538461538461 0.03365384615384615
1 0.3137019230769231 0.13221153846153846 0.08413461538461539 0.03365384615384615
1 0.3137019230769231 0.21995192307692307 0.057692307692307696 0.03365384615384615
1 0.31971153846153844 0.40384615384615385 0.0673076923076923 0.019230769230769232
1 0.3545673076923077 0.9879807692307693 0.06971153846153846 0.019230769230769232
1 0.359375 0.9867788461538461 0.055288461538461536 0.021634615384615384
1 0.036057692307692304 0.6766826923076923 0.05048076923076923 0.02403846153846154
1 0.36538461538461536 0.7548076923076923 0.07692307692307693 0.028846153846153848
1 0.36658653846153844 0.6646634615384616 0.06490384615384616 0.03365384615384615
1 0.36778846153846156 0.2956730769230769 0.07692307692307693 0.03365384615384615
1 0.38822115384615385 0.48677884615384615 0.0625 0.028846153846153848
1 0.39663461538461536 0.9290865384615384 0.07692307692307693 0.040865384615384616
1 0.39783653846153844 0.34375 0.08173076923076923 0.03125
1 0.42788461538461536 0.7127403846153846 0.07932692307692307 0.036057692307692304
1 0.45072115384615385 0.5372596153846154 0.0625 0.02403846153846154
1 0.47115384615384615 0.09615384615384616 0.08413461538461539 0.04326923076923077
1 0.49158653846153844 0.5997596153846154 0.04807692307692308 0.03365384615384615
1 0.5048076923076923 0.3581730769230769 0.0889423076923077 0.040865384615384616
1 0.5060096153846154 0.8786057692307693 0.07692307692307693 0.040865384615384616
1 0.5096153846153846 0.8209134615384616 0.08173076923076923 0.04326923076923077
1 0.5144230769230769 0.5048076923076923 0.08413461538461539 0.03365384615384615
1 0.5360576923076923 0.25961538461538464 0.07692307692307693 0.04807692307692308
1 0.5985576923076923 0.5661057692307693 0.07211538461538461 0.04807692307692308
1 0.6478365384615384 0.7487980769230769 0.0985576923076923 0.04807692307692308
1 0.6550480769230769 0.6586538461538461 0.11057692307692307 0.04807692307692308
1 0.0673076923076923 0.23798076923076922 0.05048076923076923 0.021634615384615384
1 0.6862980769230769 0.9795673076923077 0.0985576923076923 0.036057692307692304