1 0.7740384615384616 0.21754807692307693 0.019230769230769232 0.040865384615384616
1 0.5925480769230769 0.21754807692307693 0.019230769230769232 0.04807692307692308
1 0.8377403846153846 0.23197115384615385 0.016826923076923076 0.04326923076923077
1 0.6514423076923077 0.24278846153846154 0.016826923076923076 0.038461538461538464
1 0.6334134615384616 0.25 0.019230769230769232 0.04807692307692308
1 0.9891826923076923 0.25841346153846156 0.016826923076923076 0.05048076923076923
1 0.8245192307692307 0.2620192307692308 0.019230769230769232 0.04326923076923077
1 0.4831730769230769 0.2620192307692308 0.019230769230769232 0.04326923076923077
1 0.7704326923076923 0.265625 0.021634615384615384 0.04807692307692308
1 0.359375 0.2692307692307692 0.016826923076923076 0.036057692307692304
1 0.7271634615384616 0.2704326923076923 0.021634615384615384 0.05048076923076923
1 0.32091346153846156 0.27163461538461536 0.019230769230769232 0.040865384615384616
1 0.890625 0.27524038461538464 0.019230769230769232 0.04326923076923077
1 0.1935096153846154 0.28725961538461536 0.021634615384615384 0.04807692307692308
1 0.5060096153846154 0.28966346153846156 0.021634615384615384 0.038461538461538464
1 0.5444711538461539 0.29086538461538464 0.021634615384615384 0.04326923076923077
1 0.9435096153846154 0.2980769230769231 0.019230769230769232 0.038461538461538464
1 0.5709134615384616 0.30288461538461536 0.014423076923076924 0.040865384615384616
1 0.41947115384615385 0.3076923076923077 0.014423076923076924 0.036057692307692304
1 0.2824519230769231 0.3088942307692308 0.021634615384615384 0.055288461538461536
1 0.44711538461538464 0.31009615384615385 0.02403846153846154 0.04807692307692308
1 0.9182692307692307 0.31490384615384615 0.02403846153846154 0.05048076923076923
1 0.6478365384615384 0.31971153846153844 0.02403846153846154 0.04326923076923077
1 0.9915865384615384 0.32091346153846156 0.01201923076923077 0.055288461538461536
1 0.8149038461538461 0.328125 0.02403846153846154 0.04807692307692308
1 0.7512019230769231 0.33774038461538464 0.02403846153846154 0.057692307692307696
1 0.4855769230769231 0.3485576923076923 0.028846153846153848 0.055288461538461536
1 0.9555288461538461 0.3557692307692308 0.028846153846153848 0.0673076923076923
1 0.33774038461538464 0.35697115384615385 0.02403846153846154 0.04807692307692308
1 0.10336538461538461 0.359375 0.03365384615384615 0.055288461538461536
1 0.5889423076923077 0.3701923076923077 0.026442307692307692 0.06009615384615385
1 0.43028846153846156 0.3713942307692308 0.02403846153846154 0.052884615384615384
1 0.016826923076923076 0.38100961538461536 0.02403846153846154 0.06009615384615385
1 0.6586538461538461 0.39302884615384615 0.026442307692307692 0.07692307692307693
1 0.3870192307692308 0.4026442307692308 0.03125 0.0625
1 0.2283653846153846 0.4182692307692308 0.03125 0.07692307692307693
1 0.4951923076923077 0.4230769230769231 0.028846153846153848 0.0673076923076923
1 0.3485576923076923 0.42427884615384615 0.02403846153846154 0.0625
1 0.7668269230769231 0.43149038461538464 0.04567307692307692 0.09375
1 0.6141826923076923 0.4387019230769231 0.028846153846153848 0.0673076923076923
1 0.06129807692307692 0.43990384615384615 0.028846153846153848 0.055288461538461536
1 0.9723557692307693 0.4651442307692308 0.036057692307692304 0.0673076923076923
1 0.10096153846153846 0.47716346153846156 0.028846153846153848 0.07211538461538461
1 0.15865384615384615 0.4879807692307692 0.04807692307692308 0.09134615384615384
1 0.5697115384615384 0.4891826923076923 0.040865384615384616 0.09615384615384616
1 0.26322115384615385 0.5048076923076923 0.04326923076923077 0.0889423076923077
1 0.8677884615384616 0.5144230769230769 0.028846153846153848 0.09375
1 0.6610576923076923 0.5192307692307693 0.03365384615384615 0.08653846153846154
1 0.3329326923076923 0.5204326923076923 0.038461538461538464 0.06971153846153846
1 0.4387019230769231 0.5228365384615384 0.04807692307692308 0.10576923076923077
1 0.07091346153846154 0.5240384615384616 0.019230769230769232 0.08173076923076923
1 0.8088942307692307 0.5709134615384616 0.038461538461538464 0.09615384615384616
1 0.6983173076923077 0.5829326923076923 0.04807692307692308 0.09375
1 0.18269230769230768 0.6454326923076923 0.04567307692307692 0.09134615384615384
1 0.2692307692307692 0.6766826923076923 0.052884615384615384 0.11538461538461539
1 0.5252403846153846 0.6911057692307693 0.038461538461538464 0.09615384615384616
1 0.9122596153846154 0.7307692307692307 0.04807692307692308 0.13942307692307693
1 0.8016826923076923 0.7331730769230769 0.052884615384615384 0.09615384615384616
1 0.9675480769230769 0.9194711538461539 0.06009615384615385 0.15384615384615385