1 0.21754807692307693 0.22596153846153846 0.040865384615384616 0.019230769230769232
1 0.21754807692307693 0.4074519230769231 0.04807692307692308 0.019230769230769232
1 0.23197115384615385 0.1622596153846154 0.04326923076923077 0.016826923076923076
1 0.24278846153846154 0.3485576923076923 0.038461538461538464 0.016826923076923076
1 0.25 0.36658653846153844 0.04807692307692308 0.019230769230769232
1 0.25841346153846156 0.009615384615384616 0.04807692307692308 0.019230769230769232
1 0.2620192307692308 0.17548076923076922 0.04326923076923077 0.019230769230769232
1 0.2620192307692308 0.5168269230769231 0.04326923076923077 0.019230769230769232
1 0.265625 0.22956730769230768 0.04807692307692308 0.021634615384615384
1 0.2692307692307692 0.640625 0.036057692307692304 0.016826923076923076
1 0.2704326923076923 0.27283653846153844 0.05048076923076923 0.021634615384615384
1 0.27163461538461536 0.6790865384615384 0.040865384615384616 0.019230769230769232
1 0.27524038461538464 0.109375 0.04326923076923077 0.019230769230769232
1 0.28725961538461536 0.8064903846153846 0.04807692307692308 0.021634615384615384
1 0.28966346153846156 0.49399038461538464 0.038461538461538464 0.021634615384615384
1 0.29086538461538464 0.45552884615384615 0.04326923076923077 0.021634615384615384
1 0.2980769230769231 0.056490384615384616 0.038461538461538464 0.019230769230769232
1 0.30288461538461536 0.42908653846153844 0.040865384615384616 0.014423076923076924
1 0.3076923076923077 0.5805288461538461 0.036057692307692304 0.014423076923076924
1 0.3088942307692308 0.7175480769230769 0.055288461538461536 0.021634615384615384
1 0.31009615384615385 0.5528846153846154 0.04807692307692308 0.02403846153846154
1 0.31490384615384615 0.08173076923076923 0.05048076923076923 0.02403846153846154
1 0.31971153846153844 0.35216346153846156 0.04326923076923077 0.02403846153846154
1 0.32091346153846156 0.008413461538461538 0.055288461538461536 0.01201923076923077
1 0.328125 0.18509615384615385 0.04807692307692308 0.02403846153846154
1 0.33774038461538464 0.24879807692307693 0.057692307692307696 0.02403846153846154
1 0.3485576923076923 0.5144230769230769 0.055288461538461536 0.028846153846153848
1 0.3557692307692308 0.04447115384615385 0.0673076923076923 0.028846153846153848
1 0.35697115384615385 0.6622596153846154 0.04807692307692308 0.02403846153846154
1 0.359375 0.8966346153846154 0.055288461538461536 0.03365384615384615
1 0.3701923076923077 0.4110576923076923 0.06009615384615385 0.026442307692307692
1 0.3713942307692308 0.5697115384615384 0.052884615384615384 0.02403846153846154
1 0.38100961538461536 0.9831730769230769 0.06009615384615385 0.026442307692307692
1 0.39302884615384615 0.34134615384615385 0.07692307692307693 0.026442307692307692
1 0.4026442307692308 0.6129807692307693 0.0625 0.03125
1 0.4182692307692308 0.7716346153846154 0.07692307692307693 0.03125
1 0.4230769230769231 0.5048076923076923 0.0673076923076923 0.028846153846153848
1 0.42427884615384615 0.6514423076923077 0.0625 0.02403846153846154
1 0.43149038461538464 0.23317307692307693 0.09375 0.04567307692307692
1 0.4387019230769231 0.3858173076923077 0.0673076923076923 0.028846153846153848
1 0.43990384615384615 0.9387019230769231 0.055288461538461536 0.028846153846153848
1 0.4651442307692308 0.027644230769230768 0.0673076923076923 0.036057692307692304
1 0.47716346153846156 0.8990384615384616 0.07211538461538461 0.028846153846153848
1 0.4879807692307692 0.8413461538461539 0.09134615384615384 0.04807692307692308
1 0.4891826923076923 0.43028846153846156 0.09615384615384616 0.040865384615384616
1 0.5048076923076923 0.7367788461538461 0.0889423076923077 0.04326923076923077
1 0.5144230769230769 0.13221153846153846 0.09375 0.028846153846153848
1 0.5192307692307693 0.3389423076923077 0.08653846153846154 0.03365384615384615
1 0.5204326923076923 0.6670673076923077 0.06971153846153846 0.038461538461538464
1 0.5228365384615384 0.5612980769230769 0.10576923076923077 0.04807692307692308
1 0.5240384615384616 0.9290865384615384 0.08173076923076923 0.019230769230769232
1 0.5709134615384616 0.19110576923076922 0.09615384615384616 0.038461538461538464
1 0.5829326923076923 0.3016826923076923 0.09375 0.04807692307692308
1 0.6454326923076923 0.8173076923076923 0.09134615384615384 0.04567307692307692
1 0.6766826923076923 0.7307692307692307 0.11538461538461539 0.052884615384615384
1 0.6911057692307693 0.47475961538461536 0.09615384615384616 0.038461538461538464
1 0.7307692307692307 0.08774038461538461 0.13942307692307693 0.04807692307692308
1 0.7331730769230769 0.19831730769230768 0.09615384615384616 0.052884615384615384
1 0.9194711538461539 0.03245192307692308 0.15384615384615385 0.06009615384615385