1 0.7824519230769231 0.7740384615384616 0.040865384615384616 0.021634615384615384
1 0.7824519230769231 0.5925480769230769 0.04807692307692308 0.019230769230769232
1 0.7680288461538461 0.8377403846153846 0.04326923076923077 0.016826923076923076
1 0.7572115384615384 0.6514423076923077 0.038461538461538464 0.016826923076923076
1 0.75 0.6334134615384616 0.04807692307692308 0.019230769230769232
1 0.7415865384615384 0.9891826923076923 0.05048076923076923 0.016826923076923076
1 0.7379807692307693 0.8245192307692307 0.04326923076923077 0.019230769230769232
1 0.7379807692307693 0.4831730769230769 0.04326923076923077 0.019230769230769232
1 0.734375 0.7704326923076923 0.04807692307692308 0.021634615384615384
1 0.7307692307692307 0.359375 0.036057692307692304 0.016826923076923076
1 0.7295673076923077 0.7271634615384616 0.05048076923076923 0.021634615384615384
1 0.7283653846153846 0.32091346153846156 0.040865384615384616 0.019230769230769232
1 0.7247596153846154 0.890625 0.04326923076923077 0.019230769230769232
1 0.7127403846153846 0.1935096153846154 0.04807692307692308 0.021634615384615384
1 0.7103365384615384 0.5060096153846154 0.038461538461538464 0.021634615384615384
1 0.7091346153846154 0.5444711538461539 0.04326923076923077 0.021634615384615384
1 0.7019230769230769 0.9435096153846154 0.038461538461538464 0.021634615384615384
1 0.6971153846153846 0.5709134615384616 0.040865384615384616 0.014423076923076924
1 0.6923076923076923 0.41947115384615385 0.036057692307692304 0.014423076923076924
1 0.6911057692307693 0.2824519230769231 0.055288461538461536 0.021634615384615384
1 0.6899038461538461 0.44711538461538464 0.04807692307692308 0.02403846153846154
1 0.6850961538461539 0.9182692307692307 0.05048076923076923 0.02403846153846154
1 0.6802884615384616 0.6478365384615384 0.04326923076923077 0.02403846153846154
1 0.6790865384615384 0.9915865384615384 0.055288461538461536 0.01201923076923077
1 0.671875 0.8149038461538461 0.04807692307692308 0.02403846153846154
1 0.6622596153846154 0.7512019230769231 0.057692307692307696 0.02403846153846154
1 0.6514423076923077 0.4855769230769231 0.055288461538461536 0.028846153846153848
1 0.6442307692307693 0.9555288461538461 0.0673076923076923 0.03125
1 0.6430288461538461 0.33774038461538464 0.04807692307692308 0.02403846153846154
1 0.640625 0.10336538461538461 0.055288461538461536 0.03365384615384615
1 0.6298076923076923 0.5889423076923077 0.06009615384615385 0.026442307692307692
1 0.6286057692307693 0.43028846153846156 0.052884615384615384 0.02403846153846154
1 0.6189903846153846 0.016826923076923076 0.06009615384615385 0.02403846153846154
1 0.6069711538461539 0.6586538461538461 0.07692307692307693 0.026442307692307692
1 0.5973557692307693 0.3870192307692308 0.0625 0.03125
1 0.5817307692307693 0.2283653846153846 0.07692307692307693 0.03125
1 0.5769230769230769 0.4951923076923077 0.0673076923076923 0.028846153846153848
1 0.5757211538461539 0.3485576923076923 0.0625 0.02403846153846154
1 0.5685096153846154 0.7668269230769231 0.09375 0.04567307692307692
1 0.5612980769230769 0.6141826923076923 0.0673076923076923 0.028846153846153848
1 0.5600961538461539 0.06129807692307692 0.055288461538461536 0.028846153846153848
1 0.5348557692307693 0.9723557692307693 0.0673076923076923 0.036057692307692304
1 0.5228365384615384 0.10096153846153846 0.07211538461538461 0.028846153846153848
1 0.5120192307692307 0.15865384615384615 0.09134615384615384 0.04807692307692308
1 0.5108173076923077 0.5697115384615384 0.09615384615384616 0.040865384615384616
1 0.4951923076923077 0.26322115384615385 0.0889423076923077 0.04326923076923077
1 0.4855769230769231 0.8677884615384616 0.09375 0.028846153846153848
1 0.4807692307692308 0.6610576923076923 0.08653846153846154 0.03365384615384615
1 0.4795673076923077 0.3329326923076923 0.06971153846153846 0.038461538461538464
1 0.47716346153846156 0.4387019230769231 0.10576923076923077 0.04807692307692308
1 0.47596153846153844 0.07091346153846154 0.08173076923076923 0.019230769230769232
1 0.42908653846153844 0.8088942307692307 0.09615384615384616 0.038461538461538464
1 0.4170673076923077 0.6983173076923077 0.09375 0.04807692307692308
1 0.3545673076923077 0.18269230769230768 0.09134615384615384 0.04567307692307692
1 0.3233173076923077 0.2692307692307692 0.11538461538461539 0.052884615384615384
1 0.3088942307692308 0.5252403846153846 0.09615384615384616 0.038461538461538464
1 0.2692307692307692 0.9122596153846154 0.13942307692307693 0.04807692307692308
1 0.2668269230769231 0.8016826923076923 0.09615384615384616 0.052884615384615384
1 0.08052884615384616 0.9675480769230769 0.15384615384615385 0.06009615384615385