1 0.140625 0.9471153846153846 0.0625 0.03125
1 0.14182692307692307 0.5805288461538461 0.0625 0.028846153846153848
1 0.15504807692307693 0.6454326923076923 0.057692307692307696 0.028846153846153848
1 0.15625 0.22596153846153846 0.06971153846153846 0.028846153846153848
1 0.1658653846153846 0.4483173076923077 0.057692307692307696 0.028846153846153848
1 0.17067307692307693 0.5036057692307693 0.04807692307692308 0.02403846153846154
1 0.17307692307692307 0.8197115384615384 0.0625 0.03365384615384615
1 0.17427884615384615 0.36899038461538464 0.07211538461538461 0.028846153846153848
1 0.17908653846153846 0.07091346153846154 0.08173076923076923 0.038461538461538464
1 0.2127403846153846 0.41225961538461536 0.057692307692307696 0.036057692307692304
1 0.21394230769230768 0.7475961538461539 0.07692307692307693 0.03365384615384615
1 0.22716346153846154 0.296875 0.07692307692307693 0.036057692307692304
1 0.23197115384615385 0.15745192307692307 0.09134615384615384 0.04326923076923077
1 0.23918269230769232 0.11538461538461539 0.07692307692307693 0.026442307692307692
1 0.24879807692307693 0.2608173076923077 0.052884615384615384 0.028846153846153848
1 0.25721153846153844 0.5096153846153846 0.08173076923076923 0.04567307692307692
1 0.25721153846153844 0.6778846153846154 0.10096153846153846 0.057692307692307696
1 0.2608173076923077 0.7884615384615384 0.07692307692307693 0.04326923076923077
1 0.265625 0.3473557692307692 0.09375 0.04807692307692308
1 0.2692307692307692 0.8509615384615384 0.10336538461538461 0.03365384615384615
1 0.27163461538461536 0.9423076923076923 0.09615384615384616 0.028846153846153848
1 0.28125 0.6033653846153846 0.09134615384615384 0.038461538461538464
1 0.296875 0.984375 0.10096153846153846 0.028846153846153848
1 0.296875 0.40625 0.0625 0.036057692307692304
1 0.328125 0.8990384615384616 0.1346153846153846 0.06009615384615385
1 0.3389423076923077 0.1141826923076923 0.09615384615384616 0.028846153846153848
1 0.3629807692307692 0.25841346153846156 0.11538461538461539 0.057692307692307696
1 0.40865384615384615 0.1622596153846154 0.1346153846153846 0.057692307692307696
1 0.4362980769230769 0.6538461538461539 0.14182692307692307 0.06490384615384616
1 0.5012019230769231 0.28125 0.10096153846153846 0.0673076923076923
1 0.5288461538461539 0.9627403846153846 0.09615384615384616 0.0625
1 0.6610576923076923 0.8137019230769231 0.15865384615384615 0.04807692307692308
1 0.6730769230769231 0.2403846153846154 0.1971153846153846 0.08173076923076923
1 0.7091346153846154 0.9026442307692307 0.20192307692307693 0.10576923076923077
1 0.7884615384615384 0.6382211538461539 0.1971153846153846 0.10576923076923077
1 0.12740384615384615 0.1502403846153846 0.057692307692307696 0.036057692307692304
1 0.12860576923076922 0.9110576923076923 0.0625 0.021634615384615384