1 0.052884615384615384 0.140625 0.03125 0.0625
1 0.41947115384615385 0.14182692307692307 0.028846153846153848 0.0625
1 0.3545673076923077 0.15504807692307693 0.028846153846153848 0.057692307692307696
1 0.7740384615384616 0.15625 0.028846153846153848 0.06971153846153846
1 0.5516826923076923 0.1658653846153846 0.028846153846153848 0.057692307692307696
1 0.4963942307692308 0.17067307692307693 0.02403846153846154 0.04807692307692308
1 0.18028846153846154 0.17307692307692307 0.03365384615384615 0.0625
1 0.6310096153846154 0.17427884615384615 0.028846153846153848 0.07211538461538461
1 0.9290865384615384 0.17908653846153846 0.038461538461538464 0.08173076923076923
1 0.5877403846153846 0.2127403846153846 0.036057692307692304 0.057692307692307696
1 0.25240384615384615 0.21394230769230768 0.03365384615384615 0.07692307692307693
1 0.703125 0.22716346153846154 0.036057692307692304 0.07692307692307693
1 0.8425480769230769 0.23197115384615385 0.04326923076923077 0.09134615384615384
1 0.8846153846153846 0.23918269230769232 0.026442307692307692 0.07692307692307693
1 0.7391826923076923 0.24879807692307693 0.028846153846153848 0.052884615384615384
1 0.49038461538461536 0.25721153846153844 0.04567307692307692 0.08173076923076923
1 0.32211538461538464 0.25721153846153844 0.057692307692307696 0.10096153846153846
1 0.21153846153846154 0.2608173076923077 0.04326923076923077 0.07692307692307693
1 0.6526442307692307 0.265625 0.04807692307692308 0.09375
1 0.14903846153846154 0.2692307692307692 0.03365384615384615 0.10336538461538461
1 0.057692307692307696 0.27163461538461536 0.028846153846153848 0.09615384615384616
1 0.39663461538461536 0.28125 0.038461538461538464 0.09134615384615384
1 0.015625 0.296875 0.028846153846153848 0.10096153846153846
1 0.59375 0.296875 0.036057692307692304 0.0625
1 0.10096153846153846 0.328125 0.057692307692307696 0.1346153846153846
1 0.8858173076923077 0.3389423076923077 0.028846153846153848 0.09615384615384616
1 0.7415865384615384 0.3629807692307692 0.057692307692307696 0.11538461538461539
1 0.8377403846153846 0.40865384615384615 0.057692307692307696 0.1346153846153846
1 0.34615384615384615 0.4362980769230769 0.06490384615384616 0.14182692307692307
1 0.71875 0.5012019230769231 0.0673076923076923 0.10096153846153846
1 0.037259615384615384 0.5288461538461539 0.0625 0.09615384615384616
1 0.18629807692307693 0.6610576923076923 0.04807692307692308 0.15865384615384615
1 0.7596153846153846 0.6730769230769231 0.08173076923076923 0.1971153846153846
1 0.09735576923076923 0.7091346153846154 0.10576923076923077 0.20192307692307693
1 0.36177884615384615 0.7884615384615384 0.10576923076923077 0.1971153846153846
1 0.8497596153846154 0.12740384615384615 0.036057692307692304 0.057692307692307696
1 0.0889423076923077 0.12860576923076922 0.021634615384615384 0.0625