1 0.25721153846153844 0.07451923076923077 0.09615384615384616 0.052884615384615384
1 0.2644230769230769 0.13341346153846154 0.08653846153846154 0.038461538461538464
1 0.26802884615384615 0.7560096153846154 0.10096153846153846 0.04326923076923077
1 0.2704326923076923 0.21995192307692307 0.06490384615384616 0.038461538461538464
1 0.30408653846153844 0.6165865384615384 0.07692307692307693 0.02403846153846154
1 0.32091346153846156 0.2704326923076923 0.10576923076923077 0.04567307692307692
1 0.037259615384615384 0.9855769230769231 0.06490384615384616 0.02403846153846154
1 0.3701923076923077 0.5637019230769231 0.09134615384615384 0.04326923076923077
1 0.38341346153846156 0.12620192307692307 0.10096153846153846 0.04326923076923077
1 0.42427884615384615 0.7836538461538461 0.14423076923076922 0.052884615384615384
1 0.42788461538461536 0.9375 0.14423076923076922 0.06490384615384616
0 0.4423076923076923 0.375 0.08653846153846154 0.038461538461538464
1 0.47716346153846156 0.6850961538461539 0.14423076923076922 0.0673076923076923
1 0.05048076923076923 0.9447115384615384 0.06971153846153846 0.03365384615384615
1 0.5552884615384616 0.0733173076923077 0.14903846153846154 0.0673076923076923
0 0.5709134615384616 0.25721153846153844 0.10576923076923077 0.04807692307692308
1 0.07932692307692307 0.40865384615384615 0.07692307692307693 0.036057692307692304
1 0.09495192307692307 0.8569711538461539 0.06009615384615385 0.036057692307692304
1 0.1045673076923077 0.7091346153846154 0.052884615384615384 0.028846153846153848
1 0.1346153846153846 0.47716346153846156 0.07692307692307693 0.040865384615384616
0 0.1346153846153846 0.2247596153846154 0.08653846153846154 0.038461538461538464
1 0.18509615384615385 0.7235576923076923 0.09615384615384616 0.03125
1 0.19951923076923078 0.9266826923076923 0.10096153846153846 0.038461538461538464
1 0.20072115384615385 0.8100961538461539 0.06971153846153846 0.03125
1 0.20072115384615385 0.6634615384615384 0.09615384615384616 0.038461538461538464
1 0.21514423076923078 0.5252403846153846 0.055288461538461536 0.04807692307692308
1 0.24278846153846154 0.43028846153846156 0.07692307692307693 0.028846153846153848