1 0.7427884615384616 0.9254807692307693 0.09615384615384616 0.052884615384615384
1 0.7355769230769231 0.8665865384615384 0.08653846153846154 0.038461538461538464
1 0.7319711538461539 0.2439903846153846 0.10096153846153846 0.04326923076923077
1 0.7295673076923077 0.7800480769230769 0.06490384615384616 0.038461538461538464
1 0.6959134615384616 0.38341346153846156 0.07692307692307693 0.02403846153846154
1 0.6790865384615384 0.7295673076923077 0.10576923076923077 0.04567307692307692
1 0.9639423076923077 0.013221153846153846 0.0625 0.02403846153846154
1 0.6298076923076923 0.4362980769230769 0.09134615384615384 0.04326923076923077
1 0.6165865384615384 0.8737980769230769 0.10096153846153846 0.04326923076923077
1 0.5757211538461539 0.21634615384615385 0.14423076923076922 0.052884615384615384
1 0.5721153846153846 0.0625 0.14423076923076922 0.06490384615384616
0 0.5576923076923077 0.625 0.08653846153846154 0.038461538461538464
1 0.5228365384615384 0.31490384615384615 0.14423076923076922 0.0673076923076923
1 0.9495192307692307 0.055288461538461536 0.06971153846153846 0.03365384615384615
1 0.44471153846153844 0.9266826923076923 0.14903846153846154 0.0673076923076923
0 0.42908653846153844 0.7427884615384616 0.10576923076923077 0.04807692307692308
1 0.9206730769230769 0.5913461538461539 0.07692307692307693 0.036057692307692304
1 0.9050480769230769 0.14302884615384615 0.06009615384615385 0.036057692307692304
1 0.8954326923076923 0.29086538461538464 0.052884615384615384 0.028846153846153848
1 0.8653846153846154 0.5228365384615384 0.07692307692307693 0.040865384615384616
0 0.8653846153846154 0.7752403846153846 0.08653846153846154 0.038461538461538464
1 0.8149038461538461 0.2764423076923077 0.09615384615384616 0.028846153846153848
1 0.8004807692307693 0.0733173076923077 0.10096153846153846 0.038461538461538464
1 0.7992788461538461 0.18990384615384615 0.06971153846153846 0.028846153846153848
1 0.7992788461538461 0.33653846153846156 0.09615384615384616 0.038461538461538464
1 0.7848557692307693 0.47475961538461536 0.055288461538461536 0.04807692307692308
1 0.7572115384615384 0.5697115384615384 0.07692307692307693 0.028846153846153848