1 0.22235576923076922 0.5084134615384616 0.055288461538461536 0.03365384615384615
1 0.2608173076923077 0.7584134615384616 0.055288461538461536 0.028846153846153848
1 0.28365384615384615 0.3317307692307692 0.0673076923076923 0.038461538461538464
1 0.29086538461538464 0.875 0.07211538461538461 0.038461538461538464
1 0.3088942307692308 0.6286057692307693 0.0625 0.021634615384615384
0 0.3173076923076923 0.3894230769230769 0.0673076923076923 0.03125
1 0.31850961538461536 0.8137019230769231 0.07211538461538461 0.03365384615384615
0 0.32091346153846156 0.7199519230769231 0.07211538461538461 0.04326923076923077
1 0.35216346153846156 0.19591346153846154 0.07932692307692307 0.052884615384615384
1 0.35697115384615385 0.9651442307692307 0.09134615384615384 0.02403846153846154
0 0.36658653846153844 0.5841346153846154 0.10576923076923077 0.052884615384615384
1 0.4170673076923077 0.34615384615384615 0.0889423076923077 0.052884615384615384
0 0.4206730769230769 0.828125 0.09134615384615384 0.04807692307692308
1 0.4411057692307692 0.7163461538461539 0.09134615384615384 0.052884615384615384
1 0.4411057692307692 0.12139423076923077 0.14182692307692307 0.0673076923076923
1 0.4519230769230769 0.8942307692307693 0.11057692307692307 0.03365384615384615
1 0.45552884615384615 0.4651442307692308 0.1346153846153846 0.0625
1 0.5528846153846154 0.9579326923076923 0.11298076923076923 0.06490384615384616
1 0.5757211538461539 0.8125 0.15384615384615385 0.07211538461538461
1 0.7463942307692307 0.21634615384615385 0.12980769230769232 0.08653846153846154
1 0.19471153846153846 0.054086538461538464 0.04807692307692308 0.028846153846153848
1 0.2127403846153846 0.2764423076923077 0.04807692307692308 0.02403846153846154
0 0.21394230769230768 0.5673076923076923 0.055288461538461536 0.028846153846153848
1 0.22115384615384615 0.32211538461538464 0.055288461538461536 0.028846153846153848
0 0.22115384615384615 0.6995192307692307 0.055288461538461536 0.026442307692307692