1 0.7776442307692307 0.5084134615384616 0.055288461538461536 0.03365384615384615
1 0.7391826923076923 0.7584134615384616 0.055288461538461536 0.028846153846153848
1 0.7163461538461539 0.3317307692307692 0.0673076923076923 0.038461538461538464
1 0.7091346153846154 0.875 0.07211538461538461 0.038461538461538464
1 0.6911057692307693 0.6286057692307693 0.0625 0.021634615384615384
0 0.6826923076923077 0.3894230769230769 0.0673076923076923 0.03125
1 0.6814903846153846 0.8137019230769231 0.07211538461538461 0.03365384615384615
0 0.6790865384615384 0.7199519230769231 0.07211538461538461 0.04326923076923077
1 0.6478365384615384 0.19591346153846154 0.07932692307692307 0.052884615384615384
1 0.6430288461538461 0.9651442307692307 0.09134615384615384 0.02403846153846154
0 0.6334134615384616 0.5841346153846154 0.10576923076923077 0.052884615384615384
1 0.5829326923076923 0.34615384615384615 0.0889423076923077 0.052884615384615384
0 0.5793269230769231 0.828125 0.09134615384615384 0.04807692307692308
1 0.5588942307692307 0.7163461538461539 0.09134615384615384 0.052884615384615384
1 0.5588942307692307 0.12139423076923077 0.14182692307692307 0.0673076923076923
1 0.5480769230769231 0.8942307692307693 0.11057692307692307 0.03365384615384615
1 0.5444711538461539 0.4651442307692308 0.1346153846153846 0.0625
1 0.44711538461538464 0.9579326923076923 0.11298076923076923 0.06490384615384616
1 0.42427884615384615 0.8125 0.15384615384615385 0.07211538461538461
1 0.2536057692307692 0.21634615384615385 0.12980769230769232 0.08653846153846154
1 0.8052884615384616 0.054086538461538464 0.04807692307692308 0.028846153846153848
1 0.7872596153846154 0.2764423076923077 0.04807692307692308 0.02403846153846154
0 0.7860576923076923 0.5673076923076923 0.055288461538461536 0.028846153846153848
1 0.7788461538461539 0.32211538461538464 0.055288461538461536 0.028846153846153848
0 0.7788461538461539 0.6995192307692307 0.055288461538461536 0.026442307692307692