1 0.8617788461538461 0.9387019230769231 0.08413461538461539 0.038461538461538464
1 0.8569711538461539 0.18509615384615385 0.07692307692307693 0.03365384615384615
1 0.8365384615384616 0.38341346153846156 0.07932692307692307 0.02403846153846154
1 0.8209134615384616 0.7680288461538461 0.09134615384615384 0.04326923076923077
1 0.8185096153846154 0.6610576923076923 0.06009615384615385 0.03365384615384615
1 0.8185096153846154 0.6165865384615384 0.06490384615384616 0.03365384615384615
1 0.8137019230769231 0.2283653846153846 0.07692307692307693 0.038461538461538464
1 0.8076923076923077 0.14903846153846154 0.07211538461538461 0.040865384615384616
1 0.7920673076923077 0.42788461538461536 0.09615384615384616 0.052884615384615384
1 0.7860576923076923 0.06129807692307692 0.08173076923076923 0.04326923076923077
1 0.7367788461538461 0.33533653846153844 0.08173076923076923 0.038461538461538464
1 0.7055288461538461 0.890625 0.08653846153846154 0.04326923076923077
1 0.6983173076923077 0.8882211538461539 0.08653846153846154 0.04807692307692308
1 0.6983173076923077 0.29927884615384615 0.0889423076923077 0.019230769230769232
1 0.6899038461538461 0.9555288461538461 0.10817307692307693 0.055288461538461536
1 0.6778846153846154 0.25600961538461536 0.10336538461538461 0.04807692307692308
1 0.9663461538461539 0.0829326923076923 0.0625 0.036057692307692304
1 0.6610576923076923 0.7824519230769231 0.09615384615384616 0.052884615384615384
1 0.6502403846153846 0.052884615384615384 0.08653846153846154 0.04326923076923077
1 0.6237980769230769 0.13221153846153846 0.125 0.052884615384615384
1 0.4182692307692308 0.6778846153846154 0.13221153846153846 0.0625
1 0.3954326923076923 0.06129807692307692 0.1971153846153846 0.08653846153846154
1 0.3629807692307692 0.8064903846153846 0.15865384615384615 0.0673076923076923
1 0.9314903846153846 0.1310096153846154 0.0625 0.03365384615384615
1 0.09254807692307693 0.8954326923076923 0.18269230769230768 0.10576923076923077
1 0.9074519230769231 0.9038461538461539 0.06971153846153846 0.028846153846153848
1 0.8894230769230769 0.2512019230769231 0.06971153846153846 0.03365384615384615