1 0.9387019230769231 0.13822115384615385 0.038461538461538464 0.08413461538461539
1 0.18509615384615385 0.14302884615384615 0.03365384615384615 0.07692307692307693
1 0.38341346153846156 0.16346153846153846 0.02403846153846154 0.07932692307692307
1 0.7680288461538461 0.17908653846153846 0.04326923076923077 0.09134615384615384
1 0.6610576923076923 0.1814903846153846 0.03365384615384615 0.06009615384615385
1 0.6165865384615384 0.1814903846153846 0.03365384615384615 0.06490384615384616
1 0.2283653846153846 0.18629807692307693 0.038461538461538464 0.07692307692307693
1 0.14903846153846154 0.19230769230769232 0.040865384615384616 0.07211538461538461
1 0.42788461538461536 0.20793269230769232 0.052884615384615384 0.09615384615384616
1 0.06129807692307692 0.21394230769230768 0.04326923076923077 0.08173076923076923
1 0.33533653846153844 0.26322115384615385 0.038461538461538464 0.08173076923076923
1 0.890625 0.29447115384615385 0.04326923076923077 0.08653846153846154
1 0.8882211538461539 0.3016826923076923 0.04807692307692308 0.08653846153846154
1 0.29927884615384615 0.3016826923076923 0.019230769230769232 0.0889423076923077
1 0.9555288461538461 0.31009615384615385 0.055288461538461536 0.10817307692307693
1 0.25600961538461536 0.32211538461538464 0.04807692307692308 0.10336538461538461
1 0.08173076923076923 0.03245192307692308 0.03365384615384615 0.06490384615384616
1 0.7824519230769231 0.3389423076923077 0.052884615384615384 0.09615384615384616
1 0.052884615384615384 0.34975961538461536 0.04326923076923077 0.08653846153846154
1 0.13221153846153846 0.3762019230769231 0.052884615384615384 0.125
1 0.6778846153846154 0.5817307692307693 0.0625 0.13221153846153846
1 0.06129807692307692 0.6045673076923077 0.08653846153846154 0.1971153846153846
1 0.8064903846153846 0.6370192307692307 0.0673076923076923 0.15865384615384615
1 0.1310096153846154 0.06850961538461539 0.03365384615384615 0.0625
1 0.8954326923076923 0.9074519230769231 0.10576923076923077 0.18269230769230768
1 0.9038461538461539 0.09254807692307693 0.028846153846153848 0.06971153846153846
1 0.2512019230769231 0.11057692307692307 0.03365384615384615 0.06971153846153846