1 0.18990384615384615 0.5733173076923077 0.04807692307692308 0.016826923076923076
1 0.19471153846153846 0.9903846153846154 0.038461538461538464 0.014423076923076924
1 0.203125 0.8341346153846154 0.038461538461538464 0.019230769230769232
1 0.020432692307692308 0.8617788461538461 0.038461538461538464 0.014423076923076924
1 0.23798076923076922 0.5817307692307693 0.04326923076923077 0.019230769230769232
1 0.2439903846153846 0.9831730769230769 0.038461538461538464 0.014423076923076924
1 0.24879807692307693 0.6875 0.04326923076923077 0.016826923076923076
1 0.2512019230769231 0.5108173076923077 0.05048076923076923 0.019230769230769232
1 0.2536057692307692 0.4266826923076923 0.04567307692307692 0.016826923076923076
1 0.25721153846153844 0.7584134615384616 0.04567307692307692 0.014423076923076924
1 0.028846153846153848 0.8257211538461539 0.036057692307692304 0.014423076923076924
1 0.28125 0.5528846153846154 0.04807692307692308 0.019230769230769232
1 0.28846153846153844 0.8774038461538461 0.04567307692307692 0.016826923076923076
1 0.3016826923076923 0.6141826923076923 0.04807692307692308 0.014423076923076924
1 0.3293269230769231 0.6382211538461539 0.055288461538461536 0.02403846153846154
1 0.3401442307692308 0.8882211538461539 0.04807692307692308 0.02403846153846154
1 0.3425480769230769 0.359375 0.04807692307692308 0.019230769230769232
1 0.34615384615384615 0.5360576923076923 0.04807692307692308 0.019230769230769232
1 0.35096153846153844 0.24879807692307693 0.057692307692307696 0.019230769230769232
1 0.4050480769230769 0.7776442307692307 0.052884615384615384 0.014423076923076924
1 0.41346153846153844 0.16947115384615385 0.055288461538461536 0.02403846153846154
1 0.4230769230769231 0.6141826923076923 0.04807692307692308 0.019230769230769232
1 0.44471153846153844 0.9326923076923077 0.052884615384615384 0.02403846153846154
1 0.4543269230769231 0.08413461538461539 0.055288461538461536 0.019230769230769232
1 0.47596153846153844 0.7259615384615384 0.06971153846153846 0.02403846153846154
1 0.5072115384615384 0.421875 0.0625 0.02403846153846154
1 0.5168269230769231 0.03125 0.05048076923076923 0.02403846153846154
1 0.53125 0.5913461538461539 0.057692307692307696 0.019230769230769232
1 0.5697115384615384 0.16105769230769232 0.052884615384615384 0.019230769230769232
1 0.5757211538461539 0.040865384615384616 0.057692307692307696 0.014423076923076924
1 0.6081730769230769 0.4579326923076923 0.052884615384615384 0.028846153846153848
1 0.6177884615384616 0.8149038461538461 0.04326923076923077 0.019230769230769232
1 0.6418269230769231 0.3641826923076923 0.057692307692307696 0.02403846153846154
1 0.6634615384615384 0.6069711538461539 0.07211538461538461 0.02403846153846154
1 0.7139423076923077 0.038461538461538464 0.052884615384615384 0.028846153846153848
1 0.7247596153846154 0.21875 0.0625 0.02403846153846154
1 0.7632211538461539 0.08533653846153846 0.0625 0.02403846153846154
1 0.07692307692307693 0.9459134615384616 0.04326923076923077 0.014423076923076924
1 0.7716346153846154 0.2800480769230769 0.07211538461538461 0.02403846153846154
1 0.8173076923076923 0.5228365384615384 0.08173076923076923 0.026442307692307692
1 0.8617788461538461 0.0625 0.0625 0.021634615384615384
1 0.8762019230769231 0.30288461538461536 0.08173076923076923 0.036057692307692304
1 0.8762019230769231 0.8293269230769231 0.07692307692307693 0.02403846153846154
1 0.09615384615384616 0.8161057692307693 0.038461538461538464 0.019230769230769232
1 0.11177884615384616 0.9615384615384616 0.04807692307692308 0.019230769230769232
1 0.13581730769230768 0.8028846153846154 0.038461538461538464 0.014423076923076924
1 0.014423076923076924 0.9350961538461539 0.028846153846153848 0.019230769230769232
1 0.14302884615384615 0.8990384615384616 0.038461538461538464 0.019230769230769232
1 0.15985576923076922 0.7007211538461539 0.04326923076923077 0.019230769230769232