1 0.18990384615384615 0.4266826923076923 0.04807692307692308 0.016826923076923076
1 0.19471153846153846 0.009615384615384616 0.038461538461538464 0.014423076923076924
1 0.203125 0.1658653846153846 0.038461538461538464 0.019230769230769232
1 0.020432692307692308 0.13822115384615385 0.038461538461538464 0.014423076923076924
1 0.23798076923076922 0.4182692307692308 0.04326923076923077 0.019230769230769232
1 0.2439903846153846 0.016826923076923076 0.038461538461538464 0.014423076923076924
1 0.24879807692307693 0.3125 0.04326923076923077 0.016826923076923076
1 0.2512019230769231 0.4891826923076923 0.05048076923076923 0.019230769230769232
1 0.2536057692307692 0.5733173076923077 0.04567307692307692 0.016826923076923076
1 0.25721153846153844 0.24158653846153846 0.04567307692307692 0.014423076923076924
1 0.028846153846153848 0.17427884615384615 0.036057692307692304 0.014423076923076924
1 0.28125 0.44711538461538464 0.04807692307692308 0.019230769230769232
1 0.28846153846153844 0.12259615384615384 0.04567307692307692 0.016826923076923076
1 0.3016826923076923 0.3858173076923077 0.04807692307692308 0.014423076923076924
1 0.3293269230769231 0.36177884615384615 0.055288461538461536 0.02403846153846154
1 0.3401442307692308 0.11177884615384616 0.04807692307692308 0.02403846153846154
1 0.3425480769230769 0.640625 0.04807692307692308 0.019230769230769232
1 0.34615384615384615 0.4639423076923077 0.04807692307692308 0.019230769230769232
1 0.35096153846153844 0.7512019230769231 0.057692307692307696 0.019230769230769232
1 0.4050480769230769 0.22235576923076922 0.052884615384615384 0.014423076923076924
1 0.41346153846153844 0.8305288461538461 0.055288461538461536 0.02403846153846154
1 0.4230769230769231 0.3858173076923077 0.04807692307692308 0.019230769230769232
1 0.44471153846153844 0.0673076923076923 0.052884615384615384 0.02403846153846154
1 0.4543269230769231 0.9158653846153846 0.055288461538461536 0.019230769230769232
1 0.47596153846153844 0.27403846153846156 0.06971153846153846 0.02403846153846154
1 0.5072115384615384 0.578125 0.0625 0.02403846153846154
1 0.5168269230769231 0.96875 0.05048076923076923 0.02403846153846154
1 0.53125 0.40865384615384615 0.057692307692307696 0.019230769230769232
1 0.5697115384615384 0.8389423076923077 0.052884615384615384 0.019230769230769232
1 0.5757211538461539 0.9591346153846154 0.057692307692307696 0.016826923076923076
1 0.6081730769230769 0.5420673076923077 0.052884615384615384 0.028846153846153848
1 0.6177884615384616 0.18509615384615385 0.04326923076923077 0.019230769230769232
1 0.6418269230769231 0.6358173076923077 0.057692307692307696 0.02403846153846154
1 0.6634615384615384 0.39302884615384615 0.07211538461538461 0.02403846153846154
1 0.7139423076923077 0.9615384615384616 0.052884615384615384 0.028846153846153848
1 0.7247596153846154 0.78125 0.0625 0.02403846153846154
1 0.7632211538461539 0.9146634615384616 0.0625 0.02403846153846154
1 0.07692307692307693 0.054086538461538464 0.04326923076923077 0.014423076923076924
1 0.7716346153846154 0.7199519230769231 0.07211538461538461 0.02403846153846154
1 0.8173076923076923 0.47716346153846156 0.08173076923076923 0.026442307692307692
1 0.8617788461538461 0.9375 0.0625 0.021634615384615384
1 0.8762019230769231 0.6971153846153846 0.08173076923076923 0.036057692307692304
1 0.8762019230769231 0.17067307692307693 0.07692307692307693 0.02403846153846154
1 0.09615384615384616 0.18389423076923078 0.038461538461538464 0.019230769230769232
1 0.11177884615384616 0.038461538461538464 0.04807692307692308 0.019230769230769232
1 0.13581730769230768 0.1971153846153846 0.038461538461538464 0.014423076923076924
1 0.014423076923076924 0.06490384615384616 0.028846153846153848 0.019230769230769232
1 0.14302884615384615 0.10096153846153846 0.038461538461538464 0.019230769230769232
1 0.15985576923076922 0.29927884615384615 0.04326923076923077 0.019230769230769232