1 0.5793269230769231 0.5829326923076923 0.12740384615384615 0.04807692307692308
1 0.6069711538461539 0.9435096153846154 0.11057692307692307 0.04567307692307692
1 0.7019230769230769 0.9831730769230769 0.13942307692307693 0.028846153846153848
1 0.7548076923076923 0.27163461538461536 0.125 0.057692307692307696
0 0.7800480769230769 0.038461538461538464 0.1201923076923077 0.057692307692307696
1 0.08173076923076923 0.421875 0.08173076923076923 0.03125
1 0.8257211538461539 0.6598557692307693 0.2403846153846154 0.10096153846153846
0 0.8413461538461539 0.8533653846153846 0.11538461538461539 0.06971153846153846
0 0.8557692307692307 0.7427884615384616 0.14903846153846154 0.026442307692307692
1 0.8629807692307693 0.11899038461538461 0.125 0.06490384615384616
1 0.09014423076923077 0.7295673076923077 0.0673076923076923 0.028846153846153848
1 0.1141826923076923 0.9663461538461539 0.09134615384615384 0.038461538461538464
1 0.11658653846153846 0.4891826923076923 0.07932692307692307 0.03365384615384615
1 0.15384615384615385 0.2920673076923077 0.09134615384615384 0.036057692307692304
1 0.15384615384615385 0.36899038461538464 0.07211538461538461 0.03365384615384615
1 0.15504807692307693 0.7992788461538461 0.0625 0.038461538461538464
1 0.15745192307692307 0.6923076923076923 0.08413461538461539 0.038461538461538464
1 0.1814903846153846 0.19951923076923078 0.10096153846153846 0.040865384615384616
1 0.21634615384615385 0.9290865384615384 0.08653846153846154 0.04326923076923077
0 0.22355769230769232 0.46153846153846156 0.07211538461538461 0.028846153846153848
1 0.2283653846153846 0.5048076923076923 0.0673076923076923 0.04807692307692308
0 0.23317307692307693 0.11538461538461539 0.08653846153846154 0.028846153846153848
1 0.23317307692307693 0.24639423076923078 0.10576923076923077 0.04326923076923077
1 0.24158653846153846 0.6021634615384616 0.07451923076923077 0.038461538461538464
1 0.02403846153846154 0.4699519230769231 0.04807692307692308 0.03365384615384615
1 0.24519230769230768 0.6490384615384616 0.0985576923076923 0.038461538461538464
1 0.2776442307692308 0.35216346153846156 0.0889423076923077 0.036057692307692304
1 0.028846153846153848 0.6334134615384616 0.057692307692307696 0.03365384615384615
0 0.33653846153846156 0.5372596153846154 0.10096153846153846 0.03125
1 0.3762019230769231 0.484375 0.10576923076923077 0.04326923076923077
1 0.4050480769230769 0.7692307692307693 0.08653846153846154 0.021634615384615384
1 0.41466346153846156 0.9735576923076923 0.08653846153846154 0.04567307692307692
1 0.4230769230769231 0.8112980769230769 0.11057692307692307 0.04326923076923077
1 0.052884615384615384 0.22716346153846154 0.08173076923076923 0.028846153846153848
1 0.53125 0.9002403846153846 0.12980769230769232 0.028846153846153848
1 0.5456730769230769 0.25961538461538464 0.10096153846153846 0.04807692307692308
1 0.5492788461538461 0.13221153846153846 0.12740384615384615 0.04807692307692308