1 0.19110576923076922 0.15625 0.06490384615384616 0.038461538461538464
1 0.19110576923076922 0.23557692307692307 0.06009615384615385 0.028846153846153848
1 0.21875 0.07091346153846154 0.04807692307692308 0.038461538461538464
1 0.22716346153846154 0.7091346153846154 0.06971153846153846 0.04326923076923077
1 0.2512019230769231 0.3737980769230769 0.07211538461538461 0.04567307692307692
1 0.2776442307692308 0.08413461538461539 0.07211538461538461 0.038461538461538464
1 0.2920673076923077 0.5504807692307693 0.0625 0.03365384615384615
1 0.3269230769230769 0.22716346153846154 0.08653846153846154 0.04807692307692308
1 0.3894230769230769 0.484375 0.08173076923076923 0.038461538461538464
1 0.39302884615384615 0.6923076923076923 0.08173076923076923 0.036057692307692304
1 0.3954326923076923 0.9675480769230769 0.08173076923076923 0.04326923076923077
1 0.39903846153846156 0.5793269230769231 0.07451923076923077 0.038461538461538464
1 0.41346153846153844 0.04326923076923077 0.08173076923076923 0.038461538461538464
1 0.421875 0.8798076923076923 0.08173076923076923 0.026442307692307692
1 0.4387019230769231 0.7776442307692307 0.08173076923076923 0.04326923076923077
1 0.4831730769230769 0.4387019230769231 0.07692307692307693 0.04326923076923077
1 0.5180288461538461 0.3798076923076923 0.08653846153846154 0.040865384615384616
1 0.5336538461538461 0.13701923076923078 0.08173076923076923 0.04807692307692308
1 0.6838942307692307 0.11658653846153846 0.09615384615384616 0.052884615384615384
1 0.6995192307692307 0.7836538461538461 0.10336538461538461 0.03365384615384615
1 0.7548076923076923 0.30649038461538464 0.125 0.0625
1 0.765625 0.9483173076923077 0.1346153846153846 0.052884615384615384
1 0.07692307692307693 0.07572115384615384 0.05048076923076923 0.02403846153846154
1 0.8221153846153846 0.04927884615384615 0.14182692307692307 0.07451923076923077
1 0.9423076923076923 0.9278846153846154 0.10817307692307693 0.07451923076923077
1 0.15144230769230768 0.13221153846153846 0.0625 0.02403846153846154
1 0.1622596153846154 0.09735576923076923 0.057692307692307696 0.026442307692307692