1 0.8088942307692307 0.84375 0.06490384615384616 0.040865384615384616
1 0.8088942307692307 0.7644230769230769 0.06009615384615385 0.03125
1 0.78125 0.9290865384615384 0.04807692307692308 0.038461538461538464
1 0.7728365384615384 0.29086538461538464 0.06971153846153846 0.04326923076923077
1 0.7487980769230769 0.6262019230769231 0.07211538461538461 0.04567307692307692
1 0.7223557692307693 0.9158653846153846 0.07211538461538461 0.038461538461538464
1 0.7079326923076923 0.4495192307692308 0.0625 0.03365384615384615
1 0.6730769230769231 0.7728365384615384 0.08653846153846154 0.04807692307692308
1 0.6105769230769231 0.515625 0.08173076923076923 0.038461538461538464
1 0.6069711538461539 0.3076923076923077 0.08173076923076923 0.036057692307692304
1 0.6045673076923077 0.03245192307692308 0.08173076923076923 0.04326923076923077
1 0.6009615384615384 0.4206730769230769 0.07451923076923077 0.038461538461538464
1 0.5865384615384616 0.9567307692307693 0.08173076923076923 0.040865384615384616
1 0.578125 0.1201923076923077 0.08173076923076923 0.026442307692307692
1 0.5612980769230769 0.22235576923076922 0.08173076923076923 0.04326923076923077
1 0.5168269230769231 0.5612980769230769 0.07692307692307693 0.04326923076923077
1 0.48197115384615385 0.6201923076923077 0.08653846153846154 0.040865384615384616
1 0.46634615384615385 0.8629807692307693 0.08173076923076923 0.04807692307692308
1 0.3161057692307692 0.8834134615384616 0.09615384615384616 0.052884615384615384
1 0.3004807692307692 0.21634615384615385 0.10336538461538461 0.03365384615384615
1 0.24519230769230768 0.6935096153846154 0.125 0.0625
1 0.234375 0.051682692307692304 0.1346153846153846 0.052884615384615384
1 0.9230769230769231 0.9242788461538461 0.05048076923076923 0.026442307692307692
1 0.1778846153846154 0.9507211538461539 0.14182692307692307 0.07451923076923077
1 0.057692307692307696 0.07211538461538461 0.10817307692307693 0.07211538461538461
1 0.8485576923076923 0.8677884615384616 0.0625 0.02403846153846154
1 0.8377403846153846 0.9026442307692307 0.057692307692307696 0.026442307692307692