0 0.6838942307692307 0.09134615384615384 0.03365384615384615 0.07211538461538461
0 0.2824519230769231 0.09254807692307693 0.03365384615384615 0.07932692307692307
1 0.13221153846153846 0.1814903846153846 0.040865384615384616 0.08413461538461539
1 0.5240384615384616 0.2403846153846154 0.038461538461538464 0.08653846153846154
1 0.7740384615384616 0.2608173076923077 0.036057692307692304 0.0673076923076923
1 0.23918269230769232 0.265625 0.04807692307692308 0.08653846153846154
1 0.6009615384615384 0.2980769230769231 0.04326923076923077 0.09134615384615384
0 0.06610576923076923 0.30649038461538464 0.038461538461538464 0.07692307692307693
1 0.75 0.35697115384615385 0.038461538461538464 0.08173076923076923
0 0.12860576923076922 0.038461538461538464 0.038461538461538464 0.0673076923076923
1 0.39783653846153844 0.40384615384615385 0.04326923076923077 0.09615384615384616
1 0.6802884615384616 0.4387019230769231 0.04326923076923077 0.09134615384615384
1 0.06610576923076923 0.46875 0.04807692307692308 0.10096153846153846
1 0.8762019230769231 0.4699519230769231 0.04326923076923077 0.10817307692307693
0 0.17427884615384615 0.4795673076923077 0.03365384615384615 0.06490384615384616
1 0.5625 0.5336538461538461 0.052884615384615384 0.10576923076923077
1 0.0829326923076923 0.5817307692307693 0.04807692307692308 0.09615384615384616
1 0.3954326923076923 0.06009615384615385 0.038461538461538464 0.08413461538461539