1 0.08052884615384616 0.5252403846153846 0.07932692307692307 0.038461538461538464
1 0.08173076923076923 0.23798076923076922 0.07692307692307693 0.04326923076923077
1 0.9050480769230769 0.03245192307692308 0.15865384615384615 0.0625
1 0.10697115384615384 0.9879807692307693 0.10817307692307693 0.019230769230769232
1 0.12740384615384615 0.6790865384615384 0.08413461538461539 0.04326923076923077
1 0.15144230769230768 0.3329326923076923 0.08173076923076923 0.028846153846153848
1 0.16706730769230768 0.49399038461538464 0.09134615384615384 0.036057692307692304
1 0.16826923076923078 0.9242788461538461 0.09615384615384616 0.04807692307692308
1 0.17307692307692307 0.2127403846153846 0.09615384615384616 0.04326923076923077
1 0.203125 0.28966346153846156 0.09134615384615384 0.04326923076923077
1 0.21754807692307693 0.04326923076923077 0.08173076923076923 0.04807692307692308
1 0.2247596153846154 0.3581730769230769 0.09134615384615384 0.04807692307692308
1 0.2644230769230769 0.84375 0.11057692307692307 0.052884615384615384
1 0.265625 0.4411057692307692 0.11057692307692307 0.052884615384615384
1 0.2776442307692308 0.8942307692307693 0.09134615384615384 0.040865384615384616
1 0.2776442307692308 0.5913461538461539 0.09134615384615384 0.04326923076923077
1 0.28846153846153844 0.9435096153846154 0.08173076923076923 0.040865384615384616
1 0.29927884615384615 0.30408653846153844 0.08653846153846154 0.052884615384615384
1 0.3016826923076923 0.38822115384615385 0.09375 0.036057692307692304
1 0.32211538461538464 0.14783653846153846 0.0985576923076923 0.04807692307692308
1 0.03485576923076923 0.36177884615384615 0.06971153846153846 0.03365384615384615
1 0.36778846153846156 0.6935096153846154 0.11057692307692307 0.052884615384615384
1 0.40024038461538464 0.08653846153846154 0.10096153846153846 0.052884615384615384
1 0.4050480769230769 0.90625 0.1201923076923077 0.0625
1 0.40865384615384615 0.2776442307692308 0.11778846153846154 0.0625
1 0.43509615384615385 0.4639423076923077 0.1201923076923077 0.0625
1 0.05048076923076923 0.8088942307692307 0.08413461538461539 0.04567307692307692
1 0.5360576923076923 0.057692307692307696 0.09615384615384616 0.052884615384615384
1 0.054086538461538464 0.5733173076923077 0.06971153846153846 0.038461538461538464
1 0.5432692307692307 0.9615384615384616 0.125 0.0625
1 0.057692307692307696 0.45913461538461536 0.08173076923076923 0.038461538461538464
1 0.5901442307692307 0.33052884615384615 0.11057692307692307 0.052884615384615384
1 0.06129807692307692 0.7331730769230769 0.07692307692307693 0.038461538461538464
1 0.6526442307692307 0.5865384615384616 0.125 0.0625
1 0.6538461538461539 0.1658653846153846 0.11057692307692307 0.06009615384615385
1 0.6995192307692307 0.49278846153846156 0.12980769230769232 0.06009615384615385