1 0.9194711538461539 0.47475961538461536 0.07932692307692307 0.038461538461538464
1 0.9182692307692307 0.7620192307692307 0.07692307692307693 0.04326923076923077
1 0.09495192307692307 0.9675480769230769 0.15865384615384615 0.0625
1 0.8930288461538461 0.010817307692307692 0.10576923076923077 0.021634615384615384
1 0.8725961538461539 0.32091346153846156 0.08413461538461539 0.04326923076923077
1 0.8485576923076923 0.6670673076923077 0.08173076923076923 0.028846153846153848
1 0.8329326923076923 0.5060096153846154 0.09134615384615384 0.036057692307692304
1 0.8317307692307693 0.07572115384615384 0.09615384615384616 0.04807692307692308
1 0.8269230769230769 0.7872596153846154 0.09615384615384616 0.04326923076923077
1 0.796875 0.7103365384615384 0.09134615384615384 0.04567307692307692
1 0.7824519230769231 0.9567307692307693 0.08173076923076923 0.04807692307692308
1 0.7752403846153846 0.6418269230769231 0.09134615384615384 0.04807692307692308
1 0.7355769230769231 0.15625 0.11057692307692307 0.052884615384615384
1 0.734375 0.5588942307692307 0.11057692307692307 0.052884615384615384
1 0.7223557692307693 0.10576923076923077 0.09134615384615384 0.040865384615384616
1 0.7223557692307693 0.40865384615384615 0.09134615384615384 0.04326923076923077
1 0.7115384615384616 0.056490384615384616 0.08173076923076923 0.040865384615384616
1 0.7007211538461539 0.6959134615384616 0.08653846153846154 0.052884615384615384
1 0.6983173076923077 0.6117788461538461 0.09375 0.036057692307692304
1 0.6778846153846154 0.8521634615384616 0.0985576923076923 0.04807692307692308
1 0.9639423076923077 0.6382211538461539 0.0673076923076923 0.036057692307692304
1 0.6322115384615384 0.30649038461538464 0.11057692307692307 0.052884615384615384
1 0.5997596153846154 0.9134615384615384 0.10096153846153846 0.052884615384615384
1 0.5949519230769231 0.09375 0.1201923076923077 0.0625
1 0.5913461538461539 0.7223557692307693 0.11778846153846154 0.0625
1 0.5649038461538461 0.5360576923076923 0.1201923076923077 0.0625
1 0.9495192307692307 0.19110576923076922 0.08413461538461539 0.04567307692307692
1 0.4639423076923077 0.9423076923076923 0.09615384615384616 0.052884615384615384
1 0.9459134615384616 0.4266826923076923 0.06971153846153846 0.038461538461538464
1 0.4567307692307692 0.038461538461538464 0.125 0.0625
1 0.9423076923076923 0.5408653846153846 0.08173076923076923 0.038461538461538464
1 0.4098557692307692 0.6694711538461539 0.11057692307692307 0.052884615384615384
1 0.9387019230769231 0.2668269230769231 0.07692307692307693 0.038461538461538464
1 0.3473557692307692 0.41346153846153844 0.125 0.0625
1 0.34615384615384615 0.8341346153846154 0.11057692307692307 0.06009615384615385
1 0.3004807692307692 0.5072115384615384 0.12980769230769232 0.06009615384615385