0 0.7620192307692307 0.4543269230769231 0.01201923076923077 0.02403846153846154
0 0.4831730769230769 0.4855769230769231 0.01201923076923077 0.026442307692307692
0 0.7632211538461539 0.4987980769230769 0.01201923076923077 0.02403846153846154
0 0.5649038461538461 0.5024038461538461 0.014423076923076924 0.03125
0 0.6117788461538461 0.5084134615384616 0.014423076923076924 0.02403846153846154
0 0.6262019230769231 0.5216346153846154 0.014423076923076924 0.026442307692307692
0 0.59375 0.5216346153846154 0.014423076923076924 0.028846153846153848
0 0.9471153846153846 0.5276442307692307 0.014423076923076924 0.028846153846153848
0 0.6778846153846154 0.53125 0.01201923076923077 0.026442307692307692
0 0.2247596153846154 0.546875 0.016826923076923076 0.03365384615384615
0 0.5661057692307693 0.5480769230769231 0.019230769230769232 0.028846153846153848
0 0.18389423076923078 0.5552884615384616 0.014423076923076924 0.02403846153846154
0 0.5360576923076923 0.5552884615384616 0.016826923076923076 0.03365384615384615
0 0.6105769230769231 0.5612980769230769 0.016826923076923076 0.038461538461538464
0 0.5024038461538461 0.5649038461538461 0.014423076923076924 0.036057692307692304
0 0.5877403846153846 0.578125 0.01201923076923077 0.03365384615384615
0 0.5745192307692307 0.5949519230769231 0.019230769230769232 0.04326923076923077
0 0.23918269230769232 0.5961538461538461 0.019230769230769232 0.03125
0 0.8341346153846154 0.6117788461538461 0.026442307692307692 0.04807692307692308
0 0.7836538461538461 0.6141826923076923 0.026442307692307692 0.04807692307692308
0 0.06850961538461539 0.6153846153846154 0.014423076923076924 0.038461538461538464
0 0.6598557692307693 0.6153846153846154 0.019230769230769232 0.04807692307692308
0 0.16346153846153846 0.6165865384615384 0.02403846153846154 0.052884615384615384
0 0.6237980769230769 0.6165865384615384 0.02403846153846154 0.04807692307692308
0 0.6430288461538461 0.6189903846153846 0.014423076923076924 0.040865384615384616
0 0.7584134615384616 0.6213942307692307 0.02403846153846154 0.05048076923076923
0 0.8641826923076923 0.625 0.019230769230769232 0.036057692307692304
0 0.4651442307692308 0.6262019230769231 0.02403846153846154 0.04807692307692308
0 0.9783653846153846 0.6370192307692307 0.028846153846153848 0.052884615384615384
0 0.5432692307692307 0.6370192307692307 0.019230769230769232 0.04326923076923077
0 0.05048076923076923 0.6454326923076923 0.019230769230769232 0.038461538461538464
0 0.6814903846153846 0.6490384615384616 0.02403846153846154 0.055288461538461536
0 0.9326923076923077 0.6502403846153846 0.019230769230769232 0.05048076923076923
0 0.7247596153846154 0.6502403846153846 0.028846153846153848 0.0625
0 0.171875 0.6706730769230769 0.02403846153846154 0.04326923076923077
0 0.265625 0.6706730769230769 0.02403846153846154 0.04807692307692308
0 0.8112980769230769 0.6730769230769231 0.021634615384615384 0.0625
0 0.9038461538461539 0.6730769230769231 0.028846153846153848 0.0673076923076923
0 0.40024038461538464 0.6899038461538461 0.028846153846153848 0.06009615384615385
0 0.5985576923076923 0.7055288461538461 0.028846153846153848 0.057692307692307696
0 0.12860576923076922 0.7127403846153846 0.028846153846153848 0.04326923076923077
0 0.33653846153846156 0.7199519230769231 0.028846153846153848 0.06009615384615385
0 0.5180288461538461 0.7259615384615384 0.028846153846153848 0.06009615384615385
0 0.7307692307692307 0.7403846153846154 0.028846153846153848 0.06490384615384616
0 0.23197115384615385 0.7415865384615384 0.02403846153846154 0.06009615384615385
0 0.84375 0.7608173076923077 0.038461538461538464 0.08653846153846154
0 0.265625 0.7668269230769231 0.040865384615384616 0.09375
0 0.9735576923076923 0.8918269230769231 0.04326923076923077 0.125
0 0.15745192307692307 0.8954326923076923 0.04807692307692308 0.09615384615384616