0 0.5456730769230769 0.7620192307692307 0.02403846153846154 0.01201923076923077
0 0.5144230769230769 0.4831730769230769 0.026442307692307692 0.01201923076923077
0 0.5012019230769231 0.7632211538461539 0.02403846153846154 0.01201923076923077
0 0.49759615384615385 0.5649038461538461 0.03125 0.014423076923076924
0 0.49158653846153844 0.6117788461538461 0.02403846153846154 0.014423076923076924
0 0.47836538461538464 0.6262019230769231 0.026442307692307692 0.014423076923076924
0 0.47836538461538464 0.59375 0.028846153846153848 0.014423076923076924
0 0.4723557692307692 0.9471153846153846 0.028846153846153848 0.014423076923076924
0 0.46875 0.6778846153846154 0.026442307692307692 0.01201923076923077
0 0.453125 0.2247596153846154 0.03365384615384615 0.016826923076923076
0 0.4519230769230769 0.5661057692307693 0.028846153846153848 0.019230769230769232
0 0.44471153846153844 0.18389423076923078 0.02403846153846154 0.014423076923076924
0 0.44471153846153844 0.5360576923076923 0.03365384615384615 0.016826923076923076
0 0.4387019230769231 0.6105769230769231 0.038461538461538464 0.016826923076923076
0 0.43509615384615385 0.5024038461538461 0.036057692307692304 0.014423076923076924
0 0.421875 0.5877403846153846 0.03365384615384615 0.01201923076923077
0 0.4050480769230769 0.5745192307692307 0.04326923076923077 0.019230769230769232
0 0.40384615384615385 0.23918269230769232 0.03125 0.019230769230769232
0 0.38822115384615385 0.8341346153846154 0.04807692307692308 0.026442307692307692
0 0.3858173076923077 0.7836538461538461 0.04807692307692308 0.026442307692307692
0 0.38461538461538464 0.06850961538461539 0.038461538461538464 0.014423076923076924
0 0.38461538461538464 0.6598557692307693 0.04807692307692308 0.019230769230769232
0 0.38341346153846156 0.16346153846153846 0.052884615384615384 0.02403846153846154
0 0.38341346153846156 0.6237980769230769 0.04807692307692308 0.02403846153846154
0 0.38100961538461536 0.6430288461538461 0.040865384615384616 0.014423076923076924
0 0.3786057692307692 0.7584134615384616 0.05048076923076923 0.02403846153846154
0 0.375 0.8641826923076923 0.036057692307692304 0.019230769230769232
0 0.3737980769230769 0.4651442307692308 0.04807692307692308 0.02403846153846154
0 0.3629807692307692 0.9783653846153846 0.052884615384615384 0.028846153846153848
0 0.3629807692307692 0.5432692307692307 0.04326923076923077 0.019230769230769232
0 0.3545673076923077 0.05048076923076923 0.038461538461538464 0.019230769230769232
0 0.35096153846153844 0.6814903846153846 0.055288461538461536 0.02403846153846154
0 0.34975961538461536 0.9326923076923077 0.05048076923076923 0.019230769230769232
0 0.34975961538461536 0.7247596153846154 0.0625 0.028846153846153848
0 0.3293269230769231 0.171875 0.04326923076923077 0.02403846153846154
0 0.3293269230769231 0.265625 0.04807692307692308 0.02403846153846154
0 0.3269230769230769 0.8112980769230769 0.0625 0.021634615384615384
0 0.3269230769230769 0.9038461538461539 0.0673076923076923 0.03125
0 0.31009615384615385 0.40024038461538464 0.06009615384615385 0.028846153846153848
0 0.29447115384615385 0.5985576923076923 0.057692307692307696 0.028846153846153848
0 0.28725961538461536 0.12860576923076922 0.04326923076923077 0.028846153846153848
0 0.2800480769230769 0.33653846153846156 0.06009615384615385 0.028846153846153848
0 0.27403846153846156 0.5180288461538461 0.06009615384615385 0.028846153846153848
0 0.25961538461538464 0.7307692307692307 0.06490384615384616 0.028846153846153848
0 0.25841346153846156 0.23197115384615385 0.06009615384615385 0.02403846153846154
0 0.23918269230769232 0.84375 0.08653846153846154 0.040865384615384616
0 0.23317307692307693 0.265625 0.09375 0.040865384615384616
0 0.10817307692307693 0.9735576923076923 0.125 0.04567307692307692
0 0.1045673076923077 0.15745192307692307 0.09615384615384616 0.04807692307692308