1 0.18990384615384615 0.03365384615384615 0.09134615384615384 0.036057692307692304
1 0.2620192307692308 0.7175480769230769 0.09615384615384616 0.038461538461538464
1 0.328125 0.4182692307692308 0.09615384615384616 0.028846153846153848
1 0.03365384615384615 0.4206730769230769 0.0625 0.028846153846153848
1 0.359375 0.1346153846153846 0.0985576923076923 0.036057692307692304
1 0.3605769230769231 0.34134615384615385 0.0985576923076923 0.03365384615384615
1 0.4026442307692308 0.7860576923076923 0.10096153846153846 0.038461538461538464
1 0.44350961538461536 0.6394230769230769 0.09615384615384616 0.036057692307692304
1 0.49399038461538464 0.10096153846153846 0.10817307692307693 0.038461538461538464
1 0.5048076923076923 0.5805288461538461 0.09615384615384616 0.038461538461538464
1 0.5649038461538461 0.8185096153846154 0.11057692307692307 0.036057692307692304
1 0.6358173076923077 0.375 0.09615384615384616 0.038461538461538464
1 0.6526442307692307 0.5096153846153846 0.10096153846153846 0.04326923076923077
1 0.8125 0.4567307692307692 0.10576923076923077 0.040865384615384616
1 0.8521634615384616 0.025240384615384616 0.125 0.04326923076923077
1 0.9411057692307693 0.7980769230769231 0.11538461538461539 0.04807692307692308
1 0.12740384615384615 0.8028846153846154 0.0985576923076923 0.038461538461538464