1 0.8100961538461539 0.9663461538461539 0.09134615384615384 0.036057692307692304
1 0.7379807692307693 0.2824519230769231 0.09615384615384616 0.038461538461538464
1 0.671875 0.5817307692307693 0.09615384615384616 0.028846153846153848
1 0.9663461538461539 0.5793269230769231 0.0625 0.028846153846153848
1 0.640625 0.8653846153846154 0.0985576923076923 0.036057692307692304
1 0.6394230769230769 0.6586538461538461 0.0985576923076923 0.03365384615384615
1 0.5973557692307693 0.21394230769230768 0.10096153846153846 0.038461538461538464
1 0.5564903846153846 0.3605769230769231 0.09615384615384616 0.036057692307692304
1 0.5060096153846154 0.8990384615384616 0.10817307692307693 0.038461538461538464
1 0.4951923076923077 0.41947115384615385 0.09615384615384616 0.038461538461538464
1 0.43509615384615385 0.1814903846153846 0.11057692307692307 0.036057692307692304
1 0.3641826923076923 0.625 0.09615384615384616 0.038461538461538464
1 0.3473557692307692 0.49038461538461536 0.10096153846153846 0.04326923076923077
1 0.1875 0.5432692307692307 0.10576923076923077 0.040865384615384616
1 0.14783653846153846 0.9747596153846154 0.125 0.04326923076923077
1 0.05889423076923077 0.20192307692307693 0.11538461538461539 0.04807692307692308
1 0.8725961538461539 0.1971153846153846 0.0985576923076923 0.038461538461538464