1 0.9663461538461539 0.18990384615384615 0.036057692307692304 0.09134615384615384
1 0.2824519230769231 0.2620192307692308 0.038461538461538464 0.09615384615384616
1 0.5817307692307693 0.328125 0.028846153846153848 0.09615384615384616
1 0.5793269230769231 0.03365384615384615 0.028846153846153848 0.0625
1 0.8653846153846154 0.359375 0.036057692307692304 0.0985576923076923
1 0.6586538461538461 0.3605769230769231 0.03365384615384615 0.0985576923076923
1 0.21394230769230768 0.4026442307692308 0.038461538461538464 0.10096153846153846
1 0.3605769230769231 0.44350961538461536 0.036057692307692304 0.09615384615384616
1 0.8990384615384616 0.49399038461538464 0.038461538461538464 0.10817307692307693
1 0.41947115384615385 0.5048076923076923 0.038461538461538464 0.09615384615384616
1 0.1814903846153846 0.5649038461538461 0.036057692307692304 0.11057692307692307
1 0.625 0.6358173076923077 0.038461538461538464 0.09615384615384616
1 0.49038461538461536 0.6526442307692307 0.04326923076923077 0.10096153846153846
1 0.5432692307692307 0.8125 0.040865384615384616 0.10576923076923077
1 0.9747596153846154 0.8521634615384616 0.04326923076923077 0.125
1 0.20192307692307693 0.9411057692307693 0.04807692307692308 0.11538461538461539
1 0.1971153846153846 0.12740384615384615 0.038461538461538464 0.0985576923076923