1 0.9747596153846154 0.6117788461538461 0.04567307692307692 0.03125
1 0.7223557692307693 0.4423076923076923 0.0985576923076923 0.03365384615384615
1 0.5889423076923077 0.31850961538461536 0.08173076923076923 0.03125
1 0.5817307692307693 0.6935096153846154 0.10336538461538461 0.036057692307692304
1 0.5564903846153846 0.7848557692307693 0.10096153846153846 0.036057692307692304
1 0.4987980769230769 0.484375 0.09615384615384616 0.03365384615384615
1 0.34615384615384615 0.4951923076923077 0.10336538461538461 0.04326923076923077
1 0.3125 0.9903846153846154 0.08653846153846154 0.014423076923076924
1 0.22956730769230768 0.4254807692307692 0.11057692307692307 0.03125
1 0.20432692307692307 0.5576923076923077 0.10096153846153846 0.036057692307692304
1 0.18629807692307693 0.6875 0.10576923076923077 0.036057692307692304
1 0.13822115384615385 0.90625 0.09615384615384616 0.040865384615384616
1 0.9038461538461539 0.3581730769230769 0.06971153846153846 0.026442307692307692
1 0.8497596153846154 0.6694711538461539 0.07451923076923077 0.03125
1 0.84375 0.38822115384615385 0.08653846153846154 0.028846153846153848
1 0.7980769230769231 0.2824519230769231 0.07692307692307693 0.028846153846153848