1 0.02403846153846154 0.3894230769230769 0.04807692307692308 0.028846153846153848
1 0.2776442307692308 0.5576923076923077 0.0985576923076923 0.03365384615384615
1 0.4110576923076923 0.6814903846153846 0.08173076923076923 0.03125
1 0.4182692307692308 0.30649038461538464 0.10336538461538461 0.036057692307692304
1 0.44350961538461536 0.21514423076923078 0.10096153846153846 0.036057692307692304
1 0.5012019230769231 0.515625 0.09615384615384616 0.03365384615384615
1 0.6538461538461539 0.5048076923076923 0.10336538461538461 0.04326923076923077
1 0.6887019230769231 0.008413461538461538 0.08413461538461539 0.014423076923076924
1 0.7704326923076923 0.5745192307692307 0.11057692307692307 0.03125
1 0.7956730769230769 0.4423076923076923 0.10096153846153846 0.036057692307692304
1 0.8137019230769231 0.3125 0.10576923076923077 0.036057692307692304
1 0.8617788461538461 0.09375 0.09615384615384616 0.040865384615384616
1 0.09615384615384616 0.6418269230769231 0.06971153846153846 0.026442307692307692
1 0.1502403846153846 0.33052884615384615 0.07451923076923077 0.03125
1 0.15625 0.6117788461538461 0.08653846153846154 0.028846153846153848
1 0.20192307692307693 0.7175480769230769 0.07692307692307693 0.028846153846153848