1 0.2548076923076923 0.4963942307692308 0.038461538461538464 0.019230769230769232
1 0.2764423076923077 0.4170673076923077 0.03365384615384615 0.014423076923076924
1 0.3112980769230769 0.5444711538461539 0.03365384615384615 0.016826923076923076
1 0.31490384615384615 0.46875 0.038461538461538464 0.019230769230769232
1 0.3161057692307692 0.5192307692307693 0.038461538461538464 0.019230769230769232
1 0.32211538461538464 0.6418269230769231 0.038461538461538464 0.019230769230769232
1 0.33052884615384615 0.5661057692307693 0.038461538461538464 0.019230769230769232
1 0.3473557692307692 0.44711538461538464 0.038461538461538464 0.019230769230769232
1 0.35336538461538464 0.5 0.038461538461538464 0.02403846153846154
1 0.35697115384615385 0.2824519230769231 0.038461538461538464 0.019230769230769232
1 0.359375 0.3918269230769231 0.038461538461538464 0.019230769230769232
1 0.36177884615384615 0.4170673076923077 0.04326923076923077 0.02403846153846154
1 0.375 0.3641826923076923 0.0625 0.028846153846153848
1 0.38461538461538464 0.5769230769230769 0.04326923076923077 0.019230769230769232
1 0.3870192307692308 0.21875 0.038461538461538464 0.02403846153846154
1 0.39783653846153844 0.32572115384615385 0.04807692307692308 0.026442307692307692
1 0.4110576923076923 0.5552884615384616 0.052884615384615384 0.02403846153846154
1 0.41225961538461536 0.47836538461538464 0.052884615384615384 0.03125
1 0.4170673076923077 0.6586538461538461 0.052884615384615384 0.026442307692307692
1 0.421875 0.6935096153846154 0.052884615384615384 0.028846153846153848
0 0.4230769230769231 0.171875 0.057692307692307696 0.028846153846153848
1 0.4423076923076923 0.23076923076923078 0.052884615384615384 0.028846153846153848
1 0.47836538461538464 0.5444711538461539 0.04326923076923077 0.026442307692307692
1 0.4879807692307692 0.3245192307692308 0.057692307692307696 0.03125
1 0.5096153846153846 0.41346153846153844 0.0673076923076923 0.036057692307692304
0 0.5264423076923077 0.6670673076923077 0.0673076923076923 0.026442307692307692
1 0.5408653846153846 0.24519230769230768 0.07692307692307693 0.036057692307692304
1 0.5612980769230769 0.04447115384615385 0.07692307692307693 0.038461538461538464
1 0.5685096153846154 0.5600961538461539 0.07211538461538461 0.03365384615384615
1 0.6045673076923077 0.421875 0.08173076923076923 0.038461538461538464
1 0.6045673076923077 0.6394230769230769 0.08173076923076923 0.04326923076923077
1 0.6105769230769231 0.7439903846153846 0.0673076923076923 0.038461538461538464
1 0.6334134615384616 0.265625 0.07692307692307693 0.040865384615384616
1 0.6550480769230769 0.8353365384615384 0.10096153846153846 0.040865384615384616
1 0.6646634615384616 0.030048076923076924 0.08653846153846154 0.04326923076923077
1 0.7127403846153846 0.23677884615384615 0.08173076923076923 0.028846153846153848
1 0.7463942307692307 0.43509615384615385 0.1346153846153846 0.057692307692307696
1 0.7608173076923077 0.7836538461538461 0.11538461538461539 0.08173076923076923
1 0.8125 0.18028846153846154 0.15384615384615385 0.07692307692307693
1 0.8149038461538461 0.9254807692307693 0.17307692307692307 0.08173076923076923
1 0.8521634615384616 0.06971153846153846 0.11538461538461539 0.057692307692307696