0 0.8353365384615384 0.3016826923076923 0.057692307692307696 0.10336538461538461
0 0.3870192307692308 0.3293269230769231 0.038461538461538464 0.11538461538461539
0 0.5805288461538461 0.3389423076923077 0.052884615384615384 0.08173076923076923
0 0.33774038461538464 0.3870192307692308 0.0625 0.12740384615384615
0 0.22596153846153846 0.5096153846153846 0.08653846153846154 0.19230769230769232
0 0.32572115384615385 0.8329326923076923 0.04567307692307692 0.13221153846153846
0 0.8545673076923077 0.13341346153846154 0.016826923076923076 0.03365384615384615
0 0.47596153846153844 0.14903846153846154 0.02403846153846154 0.04326923076923077
0 0.24519230769230768 0.15745192307692307 0.019230769230769232 0.038461538461538464
0 0.1346153846153846 0.1658653846153846 0.021634615384615384 0.04326923076923077
0 0.18389423076923078 0.17427884615384615 0.021634615384615384 0.04326923076923077
0 0.6778846153846154 0.1875 0.03365384615384615 0.0673076923076923
0 0.39302884615384615 0.19110576923076922 0.02403846153846154 0.04807692307692308
0 0.23557692307692307 0.22235576923076922 0.02403846153846154 0.052884615384615384
0 0.028846153846153848 0.23076923076923078 0.02403846153846154 0.04807692307692308
0 0.12379807692307693 0.23197115384615385 0.028846153846153848 0.057692307692307696