1 0.8425480769230769 0.03125 0.03365384615384615 0.0625
1 0.9158653846153846 0.03125 0.03125 0.0625
1 0.8822115384615384 0.30408653846153844 0.03125 0.0673076923076923
1 0.9483173076923077 0.3125 0.03365384615384615 0.07692307692307693
1 0.8125 0.3137019230769231 0.036057692307692304 0.06971153846153846
1 0.6538461538461539 0.31490384615384615 0.03125 0.0625
1 0.71875 0.3161057692307692 0.036057692307692304 0.07692307692307693
1 0.3894230769230769 0.31971153846153844 0.03365384615384615 0.0673076923076923
1 0.5865384615384616 0.31971153846153844 0.028846153846153848 0.0625
1 0.3233173076923077 0.32211538461538464 0.026442307692307692 0.06490384615384616
1 0.7103365384615384 0.03365384615384615 0.03125 0.0673076923076923
1 0.5180288461538461 0.328125 0.028846153846153848 0.06009615384615385
1 0.1875 0.33653846153846156 0.028846153846153848 0.0625
1 0.25600961538461536 0.34375 0.026442307692307692 0.0625
1 0.11899038461538461 0.35096153846153844 0.028846153846153848 0.06009615384615385
1 0.04927884615384615 0.35216346153846156 0.03125 0.0625
1 0.5625 0.039663461538461536 0.036057692307692304 0.06971153846153846
1 0.4951923076923077 0.04326923076923077 0.028846153846153848 0.0673076923076923
1 0.9278846153846154 0.4411057692307692 0.03365384615384615 0.06971153846153846
1 0.7956730769230769 0.453125 0.028846153846153848 0.06490384615384616
1 0.5793269230769231 0.46033653846153844 0.03125 0.0673076923076923
1 0.35697115384615385 0.46274038461538464 0.03125 0.0673076923076923
1 0.5168269230769231 0.46274038461538464 0.028846153846153848 0.0625
1 0.28966346153846156 0.46634615384615385 0.028846153846153848 0.06971153846153846
1 0.22115384615384615 0.46875 0.03125 0.07692307692307693
1 0.421875 0.4723557692307692 0.03125 0.0625
1 0.7199519230769231 0.4723557692307692 0.028846153846153848 0.0673076923076923
1 0.6430288461538461 0.47475961538461536 0.03125 0.0625
1 0.09014423076923077 0.4807692307692308 0.03125 0.06490384615384616
1 0.15264423076923078 0.48677884615384615 0.03125 0.07692307692307693
1 0.6310096153846154 0.055288461538461536 0.03365384615384615 0.06490384615384616
1 0.9302884615384616 0.6069711538461539 0.03125 0.06971153846153846
1 0.40384615384615385 0.6189903846153846 0.03365384615384615 0.08173076923076923
1 0.2668269230769231 0.6225961538461539 0.03365384615384615 0.0625
1 0.4050480769230769 0.6225961538461539 0.036057692307692304 0.07692307692307693
1 0.5973557692307693 0.6225961538461539 0.03125 0.0673076923076923
1 0.8461538461538461 0.6237980769230769 0.03125 0.06971153846153846
1 0.11778846153846154 0.6237980769230769 0.026442307692307692 0.06971153846153846
1 0.057692307692307696 0.6274038461538461 0.026442307692307692 0.057692307692307696
1 0.7668269230769231 0.6394230769230769 0.03365384615384615 0.06490384615384616
1 0.421875 0.06490384615384616 0.028846153846153848 0.06971153846153846
1 0.1622596153846154 0.06610576923076923 0.028846153846153848 0.057692307692307696
1 0.10576923076923077 0.07211538461538461 0.03365384615384615 0.06009615384615385
1 0.296875 0.07932692307692307 0.03365384615384615 0.0673076923076923
1 0.29927884615384615 0.7824519230769231 0.03125 0.08173076923076923
1 0.12379807692307693 0.7836538461538461 0.028846153846153848 0.07211538461538461
1 0.22235576923076922 0.08413461538461539 0.028846153846153848 0.057692307692307696
1 0.921875 0.14182692307692307 0.03125 0.0625
1 0.9663461538461539 0.1658653846153846 0.02403846153846154 0.07692307692307693
1 0.7680288461538461 0.16826923076923078 0.028846153846153848 0.06490384615384616
1 0.6033653846153846 0.17067307692307693 0.028846153846153848 0.06009615384615385
1 0.6887019230769231 0.17067307692307693 0.03365384615384615 0.06490384615384616
1 0.5372596153846154 0.18870192307692307 0.03365384615384615 0.07211538461538461
1 0.47115384615384615 0.19471153846153846 0.03365384615384615 0.07211538461538461
1 0.28966346153846156 0.1971153846153846 0.028846153846153848 0.0625
1 0.3293269230769231 0.20793269230769232 0.02403846153846154 0.06009615384615385
1 0.13581730769230768 0.22235576923076922 0.03365384615384615 0.0673076923076923
1 0.013221153846153846 0.2247596153846154 0.026442307692307692 0.0625
1 0.07572115384615384 0.22956730769230768 0.028846153846153848 0.052884615384615384
1 0.390625 0.23076923076923078 0.03125 0.06490384615384616