0 0.6983173076923077 0.8353365384615384 0.10336538461538461 0.057692307692307696
0 0.6706730769230769 0.3870192307692308 0.11538461538461539 0.038461538461538464
0 0.6610576923076923 0.5805288461538461 0.08173076923076923 0.052884615384615384
0 0.6129807692307693 0.33774038461538464 0.12740384615384615 0.0625
0 0.49038461538461536 0.22596153846153846 0.19230769230769232 0.08653846153846154
0 0.16706730769230768 0.32572115384615385 0.13221153846153846 0.04567307692307692
0 0.8665865384615384 0.8545673076923077 0.03365384615384615 0.016826923076923076
0 0.8509615384615384 0.47596153846153844 0.04326923076923077 0.02403846153846154
0 0.8425480769230769 0.24519230769230768 0.038461538461538464 0.019230769230769232
0 0.8341346153846154 0.1346153846153846 0.04326923076923077 0.021634615384615384
0 0.8257211538461539 0.18389423076923078 0.04326923076923077 0.021634615384615384
0 0.8125 0.6778846153846154 0.0673076923076923 0.036057692307692304
0 0.8088942307692307 0.39302884615384615 0.04807692307692308 0.02403846153846154
0 0.7776442307692307 0.23557692307692307 0.052884615384615384 0.02403846153846154
0 0.7692307692307693 0.028846153846153848 0.04807692307692308 0.02403846153846154
0 0.7680288461538461 0.12379807692307693 0.057692307692307696 0.028846153846153848