1 0.4050480769230769 0.6995192307692307 0.052884615384615384 0.028846153846153848
1 0.4050480769230769 0.8557692307692307 0.14903846153846154 0.06971153846153846
1 0.41225961538461536 0.7644230769230769 0.04807692307692308 0.028846153846153848
1 0.4206730769230769 0.6622596153846154 0.04326923076923077 0.021634615384615384
1 0.421875 0.24639423076923078 0.028846153846153848 0.014423076923076924
1 0.42427884615384615 0.2920673076923077 0.04326923076923077 0.026442307692307692
1 0.4326923076923077 0.6057692307692307 0.04326923076923077 0.021634615384615384
1 0.4362980769230769 0.9399038461538461 0.03365384615384615 0.014423076923076924
1 0.4483173076923077 0.3629807692307692 0.04326923076923077 0.02403846153846154
1 0.45552884615384615 0.5432692307692307 0.052884615384615384 0.028846153846153848
1 0.47716346153846156 0.9831730769230769 0.04326923076923077 0.019230769230769232
1 0.48677884615384615 0.41947115384615385 0.0673076923076923 0.028846153846153848
1 0.5144230769230769 0.7620192307692307 0.16826923076923078 0.0673076923076923
1 0.5252403846153846 0.6153846153846154 0.08653846153846154 0.05048076923076923
1 0.5276442307692307 0.4831730769230769 0.1346153846153846 0.06490384615384616