1 0.7451923076923077 0.5036057692307693 0.038461538461538464 0.019230769230769232
1 0.7235576923076923 0.5829326923076923 0.03365384615384615 0.014423076923076924
1 0.6887019230769231 0.45552884615384615 0.03365384615384615 0.016826923076923076
1 0.6850961538461539 0.53125 0.038461538461538464 0.019230769230769232
1 0.6838942307692307 0.4807692307692308 0.038461538461538464 0.019230769230769232
1 0.6778846153846154 0.3581730769230769 0.038461538461538464 0.019230769230769232
1 0.6694711538461539 0.4338942307692308 0.038461538461538464 0.019230769230769232
1 0.6526442307692307 0.5528846153846154 0.038461538461538464 0.019230769230769232
1 0.6466346153846154 0.5 0.038461538461538464 0.02403846153846154
1 0.6430288461538461 0.7175480769230769 0.038461538461538464 0.019230769230769232
1 0.640625 0.6081730769230769 0.038461538461538464 0.019230769230769232
1 0.6382211538461539 0.5829326923076923 0.04326923076923077 0.02403846153846154
1 0.625 0.6358173076923077 0.0625 0.028846153846153848
1 0.6153846153846154 0.4230769230769231 0.04326923076923077 0.019230769230769232
1 0.6129807692307693 0.78125 0.038461538461538464 0.02403846153846154
1 0.6021634615384616 0.6742788461538461 0.04807692307692308 0.026442307692307692
1 0.5889423076923077 0.44471153846153844 0.052884615384615384 0.02403846153846154
1 0.5877403846153846 0.5216346153846154 0.052884615384615384 0.03125
1 0.5829326923076923 0.34134615384615385 0.052884615384615384 0.026442307692307692
1 0.578125 0.30649038461538464 0.052884615384615384 0.028846153846153848
0 0.5769230769230769 0.828125 0.057692307692307696 0.028846153846153848
1 0.5576923076923077 0.7692307692307693 0.052884615384615384 0.028846153846153848
1 0.5216346153846154 0.45552884615384615 0.04326923076923077 0.026442307692307692
1 0.5120192307692307 0.6754807692307693 0.057692307692307696 0.03125
1 0.49038461538461536 0.5865384615384616 0.0673076923076923 0.036057692307692304
0 0.4735576923076923 0.3329326923076923 0.0673076923076923 0.026442307692307692
1 0.45913461538461536 0.7548076923076923 0.07692307692307693 0.036057692307692304
1 0.4387019230769231 0.9555288461538461 0.07692307692307693 0.040865384615384616
1 0.43149038461538464 0.43990384615384615 0.07211538461538461 0.03365384615384615
1 0.3954326923076923 0.578125 0.08173076923076923 0.038461538461538464
1 0.3954326923076923 0.3605769230769231 0.08173076923076923 0.04326923076923077
1 0.3894230769230769 0.25600961538461536 0.0673076923076923 0.038461538461538464
1 0.36658653846153844 0.734375 0.07692307692307693 0.040865384615384616
1 0.3449519230769231 0.16466346153846154 0.10096153846153846 0.040865384615384616
1 0.33533653846153844 0.9699519230769231 0.08653846153846154 0.04326923076923077
1 0.28725961538461536 0.7632211538461539 0.08173076923076923 0.028846153846153848
1 0.2536057692307692 0.5649038461538461 0.1346153846153846 0.057692307692307696
1 0.23918269230769232 0.21634615384615385 0.11538461538461539 0.08173076923076923
1 0.1875 0.8197115384615384 0.15384615384615385 0.07692307692307693
1 0.18509615384615385 0.07451923076923077 0.17307692307692307 0.08173076923076923
1 0.14783653846153846 0.9302884615384616 0.11538461538461539 0.057692307692307696