1 0.15745192307692307 0.03125 0.03365384615384615 0.0625
1 0.08413461538461539 0.03125 0.03125 0.0625
1 0.11778846153846154 0.30408653846153844 0.03125 0.0673076923076923
1 0.051682692307692304 0.3125 0.03365384615384615 0.07692307692307693
1 0.1875 0.3137019230769231 0.036057692307692304 0.06971153846153846
1 0.34615384615384615 0.31490384615384615 0.03125 0.0625
1 0.28125 0.3161057692307692 0.036057692307692304 0.07692307692307693
1 0.6105769230769231 0.31971153846153844 0.03365384615384615 0.0673076923076923
1 0.41346153846153844 0.31971153846153844 0.028846153846153848 0.0625
1 0.6766826923076923 0.32211538461538464 0.026442307692307692 0.06490384615384616
1 0.28966346153846156 0.03365384615384615 0.03125 0.0673076923076923
1 0.48197115384615385 0.328125 0.028846153846153848 0.06009615384615385
1 0.8125 0.33653846153846156 0.028846153846153848 0.0625
1 0.7439903846153846 0.34375 0.026442307692307692 0.0625
1 0.8810096153846154 0.35096153846153844 0.028846153846153848 0.06009615384615385
1 0.9507211538461539 0.35216346153846156 0.03125 0.0625
1 0.4375 0.039663461538461536 0.036057692307692304 0.06971153846153846
1 0.5048076923076923 0.04326923076923077 0.028846153846153848 0.0673076923076923
1 0.07211538461538461 0.4411057692307692 0.03365384615384615 0.06971153846153846
1 0.20432692307692307 0.453125 0.028846153846153848 0.06490384615384616
1 0.4206730769230769 0.46033653846153844 0.03125 0.0673076923076923
1 0.6430288461538461 0.46274038461538464 0.03125 0.0673076923076923
1 0.4831730769230769 0.46274038461538464 0.028846153846153848 0.0625
1 0.7103365384615384 0.46634615384615385 0.028846153846153848 0.06971153846153846
1 0.7788461538461539 0.46875 0.03125 0.07692307692307693
1 0.578125 0.4723557692307692 0.03125 0.0625
1 0.2800480769230769 0.4723557692307692 0.028846153846153848 0.0673076923076923
1 0.35697115384615385 0.47475961538461536 0.03125 0.0625
1 0.9098557692307693 0.4807692307692308 0.03125 0.06490384615384616
1 0.8473557692307693 0.48677884615384615 0.03125 0.07692307692307693
1 0.36899038461538464 0.055288461538461536 0.03365384615384615 0.06490384615384616
1 0.06971153846153846 0.6069711538461539 0.03125 0.06971153846153846
1 0.5961538461538461 0.6189903846153846 0.03365384615384615 0.08173076923076923
1 0.7331730769230769 0.6225961538461539 0.03365384615384615 0.0625
1 0.5949519230769231 0.6225961538461539 0.036057692307692304 0.07692307692307693
1 0.4026442307692308 0.6225961538461539 0.03125 0.0673076923076923
1 0.15384615384615385 0.6237980769230769 0.03125 0.06971153846153846
1 0.8822115384615384 0.6237980769230769 0.026442307692307692 0.06971153846153846
1 0.9423076923076923 0.6274038461538461 0.026442307692307692 0.057692307692307696
1 0.23317307692307693 0.6394230769230769 0.03365384615384615 0.06490384615384616
1 0.578125 0.06490384615384616 0.028846153846153848 0.06971153846153846
1 0.8377403846153846 0.06610576923076923 0.028846153846153848 0.057692307692307696
1 0.8942307692307693 0.07211538461538461 0.03365384615384615 0.06009615384615385
1 0.703125 0.07932692307692307 0.03365384615384615 0.0673076923076923
1 0.7007211538461539 0.7824519230769231 0.03125 0.08173076923076923
1 0.8762019230769231 0.7836538461538461 0.028846153846153848 0.07211538461538461
1 0.7776442307692307 0.08413461538461539 0.028846153846153848 0.057692307692307696
1 0.078125 0.14182692307692307 0.03125 0.0625
1 0.03365384615384615 0.1658653846153846 0.02403846153846154 0.07692307692307693
1 0.23197115384615385 0.16826923076923078 0.028846153846153848 0.06490384615384616
1 0.39663461538461536 0.17067307692307693 0.028846153846153848 0.06009615384615385
1 0.3112980769230769 0.17067307692307693 0.03365384615384615 0.06490384615384616
1 0.46274038461538464 0.18870192307692307 0.03365384615384615 0.07211538461538461
1 0.5288461538461539 0.19471153846153846 0.03365384615384615 0.07211538461538461
1 0.7103365384615384 0.1971153846153846 0.028846153846153848 0.0625
1 0.6706730769230769 0.20793269230769232 0.02403846153846154 0.06009615384615385
1 0.8641826923076923 0.22235576923076922 0.03365384615384615 0.0673076923076923
1 0.9855769230769231 0.2247596153846154 0.02403846153846154 0.06490384615384616
1 0.9242788461538461 0.22956730769230768 0.028846153846153848 0.052884615384615384
1 0.609375 0.23076923076923078 0.03125 0.06490384615384616