1 0.26322115384615385 0.31009615384615385 0.1778846153846154 0.08173076923076923
1 0.2932692307692308 0.037259615384615384 0.1778846153846154 0.057692307692307696
1 0.3293269230769231 0.8052884615384616 0.13701923076923078 0.07211538461538461
1 0.3389423076923077 0.96875 0.15384615384615385 0.06009615384615385
1 0.3557692307692308 0.6189903846153846 0.1875 0.052884615384615384
1 0.40384615384615385 0.14783653846153846 0.1778846153846154 0.08653846153846154
1 0.4254807692307692 0.5120192307692307 0.16826923076923078 0.09134615384615384
1 0.5144230769230769 0.32211538461538464 0.2091346153846154 0.09134615384615384
1 0.054086538461538464 0.7151442307692307 0.10817307692307693 0.06009615384615385
1 0.5637019230769231 0.8737980769230769 0.2091346153846154 0.1201923076923077
1 0.056490384615384616 0.3737980769230769 0.11298076923076923 0.07211538461538461
1 0.5973557692307693 0.03365384615384615 0.2692307692307692 0.0625
1 0.078125 0.9783653846153846 0.14182692307692307 0.038461538461538464
1 0.7872596153846154 0.1814903846153846 0.2980769230769231 0.12980769230769232
0 0.8028846153846154 0.6298076923076923 0.25961538461538464 0.125
1 0.8762019230769231 0.46634615384615385 0.24278846153846154 0.1346153846153846
1 0.8798076923076923 0.9507211538461539 0.23557692307692307 0.09375
1 0.0985576923076923 0.140625 0.15865384615384615 0.052884615384615384
1 0.0985576923076923 0.05048076923076923 0.15865384615384615 0.0673076923076923
1 0.15745192307692307 0.625 0.13701923076923078 0.06971153846153846
0 0.16346153846153846 0.20793269230769232 0.15384615384615385 0.04326923076923077
0 0.16466346153846154 0.9038461538461539 0.16346153846153846 0.07451923076923077