1 0.3004807692307692 0.4050480769230769 0.028846153846153848 0.052884615384615384
1 0.14423076923076922 0.4050480769230769 0.06971153846153846 0.14903846153846154
1 0.23557692307692307 0.41225961538461536 0.028846153846153848 0.04807692307692308
1 0.33774038461538464 0.4206730769230769 0.021634615384615384 0.04326923076923077
1 0.7536057692307693 0.421875 0.014423076923076924 0.028846153846153848
1 0.7079326923076923 0.42427884615384615 0.026442307692307692 0.04326923076923077
1 0.3942307692307692 0.4326923076923077 0.021634615384615384 0.04326923076923077
1 0.06009615384615385 0.4362980769230769 0.014423076923076924 0.03365384615384615
1 0.6370192307692307 0.4483173076923077 0.02403846153846154 0.04326923076923077
1 0.4567307692307692 0.45552884615384615 0.028846153846153848 0.052884615384615384
1 0.016826923076923076 0.47716346153846156 0.019230769230769232 0.04326923076923077
1 0.5805288461538461 0.48677884615384615 0.028846153846153848 0.0673076923076923
1 0.23798076923076922 0.5144230769230769 0.0673076923076923 0.16826923076923078
1 0.38461538461538464 0.5252403846153846 0.05048076923076923 0.08653846153846154
1 0.5168269230769231 0.5276442307692307 0.06490384615384616 0.1346153846153846