0 0.33052884615384615 0.25721153846153844 0.028846153846153848 0.06971153846153846
0 0.484375 0.27403846153846156 0.03365384615384615 0.07692307692307693
0 0.6105769230769231 0.2860576923076923 0.038461538461538464 0.06971153846153846
0 0.7019230769230769 0.36778846153846156 0.03125 0.0625
0 0.5805288461538461 0.38221153846153844 0.03365384615384615 0.06971153846153846
0 0.32211538461538464 0.38221153846153844 0.03125 0.06490384615384616
0 0.3713942307692308 0.4567307692307692 0.038461538461538464 0.07692307692307693
0 0.7199519230769231 0.49158653846153844 0.038461538461538464 0.06971153846153846
0 0.2536057692307692 0.5012019230769231 0.036057692307692304 0.07692307692307693
0 0.49038461538461536 0.515625 0.028846153846153848 0.06490384615384616
0 0.6033653846153846 0.5204326923076923 0.03125 0.0625
0 0.30649038461538464 0.6129807692307693 0.040865384615384616 0.07692307692307693
0 0.5697115384615384 0.6213942307692307 0.04326923076923077 0.07211538461538461
0 0.4266826923076923 0.6225961538461539 0.038461538461538464 0.07451923076923077
0 0.6971153846153846 0.6418269230769231 0.038461538461538464 0.057692307692307696
0 0.1875 0.6502403846153846 0.03365384615384615 0.0673076923076923
0 0.38341346153846156 0.7427884615384616 0.040865384615384616 0.07451923076923077
0 0.7644230769230769 0.7487980769230769 0.04326923076923077 0.09134615384615384
0 0.6394230769230769 0.7644230769230769 0.038461538461538464 0.08173076923076923
0 0.5144230769230769 0.7680288461538461 0.038461538461538464 0.07451923076923077
0 0.12620192307692307 0.7752403846153846 0.04326923076923077 0.08173076923076923
0 0.24639423076923078 0.7932692307692307 0.038461538461538464 0.08173076923076923
0 0.49158653846153844 0.09975961538461539 0.03365384615384615 0.06971153846153846
0 0.43028846153846156 0.17307692307692307 0.028846153846153848 0.057692307692307696
0 0.5456730769230769 0.20673076923076922 0.028846153846153848 0.0625