0 0.7175480769230769 0.5733173076923077 0.057692307692307696 0.028846153846153848
0 0.7091346153846154 0.21153846153846154 0.07211538461538461 0.038461538461538464
0 0.703125 0.11778846153846154 0.0625 0.036057692307692304
0 0.6983173076923077 0.5144230769230769 0.08653846153846154 0.038461538461538464
0 0.6899038461538461 0.4519230769230769 0.07692307692307693 0.036057692307692304
0 0.6826923076923077 0.6225961538461539 0.07692307692307693 0.04326923076923077
0 0.9663461538461539 0.5276442307692307 0.038461538461538464 0.019230769230769232
0 0.9663461538461539 0.027644230769230768 0.04326923076923077 0.02403846153846154
0 0.6586538461538461 0.1622596153846154 0.08173076923076923 0.038461538461538464
0 0.6574519230769231 0.3581730769230769 0.07211538461538461 0.038461538461538464
0 0.6550480769230769 0.8221153846153846 0.08413461538461539 0.04326923076923077
0 0.6466346153846154 0.41586538461538464 0.07211538461538461 0.04326923076923077
0 0.9627403846153846 0.7644230769230769 0.036057692307692304 0.019230769230769232
0 0.6153846153846154 0.9411057692307693 0.07692307692307693 0.038461538461538464
0 0.6129807692307693 0.22115384615384615 0.07211538461538461 0.04326923076923077
0 0.6117788461538461 0.5384615384615384 0.09615384615384616 0.05048076923076923
0 0.9615384615384616 0.8533653846153846 0.038461538461538464 0.019230769230769232
0 0.9591346153846154 0.7043269230769231 0.04326923076923077 0.019230769230769232
0 0.5949519230769231 0.1141826923076923 0.08173076923076923 0.038461538461538464
0 0.5913461538461539 0.6141826923076923 0.07692307692307693 0.04326923076923077
0 0.5877403846153846 0.4723557692307692 0.07692307692307693 0.04326923076923077
0 0.5877403846153846 0.3245192307692308 0.08413461538461539 0.04807692307692308
0 0.5853365384615384 0.7271634615384616 0.09615384615384616 0.052884615384615384
0 0.9579326923076923 0.4723557692307692 0.038461538461538464 0.019230769230769232
0 0.578125 0.8894230769230769 0.09134615384615384 0.04567307692307692
0 0.5576923076923077 0.3894230769230769 0.0889423076923077 0.04326923076923077
0 0.5300480769230769 0.2548076923076923 0.09134615384615384 0.04326923076923077
0 0.5288461538461539 0.6658653846153846 0.10096153846153846 0.052884615384615384
0 0.5168269230769231 0.15985576923076922 0.09134615384615384 0.038461538461538464
0 0.5168269230769231 0.03125 0.08653846153846154 0.03365384615384615
0 0.515625 0.8173076923076923 0.10576923076923077 0.06009615384615385
0 0.5120192307692307 0.4963942307692308 0.0889423076923077 0.057692307692307696
0 0.9495192307692307 0.7896634615384616 0.03365384615384615 0.016826923076923076
0 0.9483173076923077 0.35336538461538464 0.04326923076923077 0.019230769230769232
0 0.49038461538461536 0.9170673076923077 0.08413461538461539 0.05048076923076923
0 0.45072115384615385 0.06490384615384616 0.0889423076923077 0.04326923076923077
0 0.9447115384615384 0.5480769230769231 0.04326923076923077 0.02403846153846154
0 0.4182692307692308 0.35216346153846156 0.07692307692307693 0.04326923076923077
0 0.9411057692307693 0.5913461538461539 0.038461538461538464 0.019230769230769232
0 0.9399038461538461 0.2512019230769231 0.04807692307692308 0.019230769230769232
0 0.4026442307692308 0.12740384615384615 0.09134615384615384 0.04567307692307692
0 0.9387019230769231 0.8329326923076923 0.03365384615384615 0.019230769230769232
0 0.9362980769230769 0.39302884615384615 0.04326923076923077 0.02403846153846154
0 0.9362980769230769 0.8846153846153846 0.04326923076923077 0.019230769230769232
0 0.3473557692307692 0.24639423076923078 0.09134615384615384 0.04326923076923077
0 0.9302884615384616 0.32091346153846156 0.038461538461538464 0.019230769230769232
0 0.9290865384615384 0.6201923076923077 0.04326923076923077 0.019230769230769232
0 0.9290865384615384 0.20432692307692307 0.036057692307692304 0.016826923076923076
0 0.3004807692307692 0.4639423076923077 0.08413461538461539 0.04807692307692308
0 0.3004807692307692 0.796875 0.10096153846153846 0.04807692307692308
0 0.2800480769230769 0.3329326923076923 0.08653846153846154 0.04326923076923077
0 0.9278846153846154 0.027644230769230768 0.038461538461538464 0.019230769230769232
0 0.26322115384615385 0.9038461538461539 0.10817307692307693 0.055288461538461536
0 0.24879807692307693 0.6935096153846154 0.08173076923076923 0.04567307692307692
0 0.24278846153846154 0.15144230769230768 0.0889423076923077 0.04807692307692308
0 0.22596153846153846 0.5673076923076923 0.11057692307692307 0.052884615384615384
0 0.921875 0.13942307692307693 0.04326923076923077 0.02403846153846154
0 0.9194711538461539 0.18389423076923078 0.038461538461538464 0.019230769230769232
0 0.18990384615384615 0.2620192307692308 0.08413461538461539 0.038461538461538464
0 0.1875 0.375 0.08653846153846154 0.052884615384615384
0 0.1778846153846154 0.49759615384615385 0.0889423076923077 0.04807692307692308
0 0.16466346153846154 0.6526442307692307 0.0889423076923077 0.04807692307692308
0 0.9134615384615384 0.4879807692307692 0.038461538461538464 0.019230769230769232
0 0.9122596153846154 0.22355769230769232 0.04807692307692308 0.019230769230769232
0 0.9110576923076923 0.5673076923076923 0.04326923076923077 0.019230769230769232
0 0.9110576923076923 0.36899038461538464 0.038461538461538464 0.019230769230769232
0 0.90625 0.6911057692307693 0.04326923076923077 0.021634615384615384
0 0.9014423076923077 0.11177884615384616 0.04807692307692308 0.028846153846153848
0 0.9002403846153846 0.4182692307692308 0.055288461538461536 0.02403846153846154
0 0.8978365384615384 0.5216346153846154 0.04807692307692308 0.02403846153846154
0 0.8966346153846154 0.8269230769230769 0.05048076923076923 0.019230769230769232
0 0.8942307692307693 0.6634615384615384 0.05048076923076923 0.02403846153846154
0 0.8942307692307693 0.4651442307692308 0.055288461538461536 0.019230769230769232
0 0.8942307692307693 0.2980769230769231 0.055288461538461536 0.02403846153846154
0 0.8918269230769231 0.7415865384615384 0.04326923076923077 0.02403846153846154
0 0.8858173076923077 0.08413461538461539 0.038461538461538464 0.02403846153846154
0 0.8798076923076923 0.6165865384615384 0.038461538461538464 0.02403846153846154
0 0.875 0.31850961538461536 0.05048076923076923 0.02403846153846154
0 0.875 0.8533653846153846 0.04326923076923077 0.02403846153846154
0 0.8701923076923077 0.49158653846153844 0.04807692307692308 0.028846153846153848
0 0.8653846153846154 0.43990384615384615 0.052884615384615384 0.02403846153846154
0 0.8629807692307693 0.24158653846153846 0.04326923076923077 0.02403846153846154
0 0.8605769230769231 0.27163461538461536 0.05048076923076923 0.028846153846153848
0 0.859375 0.9170673076923077 0.04807692307692308 0.016826923076923076
0 0.8533653846153846 0.3641826923076923 0.052884615384615384 0.02403846153846154
0 0.8497596153846154 0.5925480769230769 0.055288461538461536 0.028846153846153848
0 0.8497596153846154 0.15865384615384615 0.055288461538461536 0.03365384615384615
0 0.8473557692307693 0.12379807692307693 0.05048076923076923 0.019230769230769232
0 0.84375 0.06370192307692307 0.05048076923076923 0.028846153846153848
0 0.8425480769230769 0.33774038461538464 0.057692307692307696 0.02403846153846154
0 0.8413461538461539 0.8004807692307693 0.05048076923076923 0.028846153846153848
0 0.8329326923076923 0.7680288461538461 0.0673076923076923 0.03365384615384615
0 0.8257211538461539 0.8269230769230769 0.04807692307692308 0.019230769230769232
0 0.8221153846153846 0.6850961538461539 0.05048076923076923 0.03365384615384615
0 0.8221153846153846 0.5240384615384616 0.0625 0.028846153846153848
0 0.8149038461538461 0.4855769230769231 0.057692307692307696 0.028846153846153848
0 0.8137019230769231 0.8545673076923077 0.0673076923076923 0.036057692307692304
0 0.8076923076923077 0.10817307692307693 0.055288461538461536 0.02403846153846154
0 0.8064903846153846 0.2536057692307692 0.057692307692307696 0.03125
0 0.8064903846153846 0.21634615384615385 0.052884615384615384 0.028846153846153848
0 0.8052884615384616 0.5625 0.07211538461538461 0.036057692307692304
0 0.8052884615384616 0.41466346153846156 0.05048076923076923 0.02403846153846154
0 0.8016826923076923 0.3112980769230769 0.0673076923076923 0.038461538461538464
0 0.7944711538461539 0.7235576923076923 0.055288461538461536 0.03125
0 0.7908653846153846 0.36177884615384615 0.0625 0.03125
0 0.7908653846153846 0.14543269230769232 0.0673076923076923 0.036057692307692304
0 0.7860576923076923 0.4495192307692308 0.05048076923076923 0.028846153846153848
0 0.7776442307692307 0.7980769230769231 0.0673076923076923 0.036057692307692304
0 0.765625 0.07692307692307693 0.07692307692307693 0.038461538461538464
0 0.7572115384615384 0.9158653846153846 0.07692307692307693 0.038461538461538464
0 0.7487980769230769 0.4266826923076923 0.0625 0.03125
0 0.7463942307692307 0.8713942307692307 0.07692307692307693 0.038461538461538464
0 0.7379807692307693 0.7560096153846154 0.0625 0.038461538461538464
0 0.734375 0.25841346153846156 0.06971153846153846 0.03125
0 0.7295673076923077 0.6622596153846154 0.08413461538461539 0.038461538461538464
0 0.7271634615384616 0.38221153846153844 0.0673076923076923 0.038461538461538464