1 0.7319711538461539 0.5348557692307693 0.04807692307692308 0.02403846153846154
1 0.7307692307692307 0.7331730769230769 0.04326923076923077 0.021634615384615384
1 0.6995192307692307 0.46033653846153844 0.04807692307692308 0.02403846153846154
1 0.6526442307692307 0.5697115384615384 0.052884615384615384 0.028846153846153848
1 0.5757211538461539 0.4855769230769231 0.04807692307692308 0.021634615384615384
1 0.5685096153846154 0.7536057692307693 0.057692307692307696 0.026442307692307692
1 0.5540865384615384 0.8173076923076923 0.052884615384615384 0.028846153846153848
1 0.5516826923076923 0.8161057692307693 0.057692307692307696 0.02403846153846154
1 0.5228365384615384 0.6033653846153846 0.057692307692307696 0.028846153846153848
1 0.42908653846153844 0.609375 0.057692307692307696 0.03365384615384615
1 0.41586538461538464 0.9711538461538461 0.052884615384615384 0.028846153846153848
1 0.359375 0.5612980769230769 0.0625 0.028846153846153848
1 0.3449519230769231 0.6538461538461539 0.057692307692307696 0.026442307692307692
1 0.3317307692307692 0.7463942307692307 0.0625 0.028846153846153848
1 0.3016826923076923 0.9038461538461539 0.057692307692307696 0.03365384615384615
1 0.9278846153846154 0.5588942307692307 0.04326923076923077 0.016826923076923076
1 0.20793269230769232 0.5697115384615384 0.0673076923076923 0.03365384615384615
1 0.20072115384615385 0.8918269230769231 0.08173076923076923 0.038461538461538464
1 0.9170673076923077 0.7103365384615384 0.04326923076923077 0.02403846153846154
1 0.1466346153846154 0.9567307692307693 0.0673076923076923 0.028846153846153848
1 0.042067307692307696 0.5637019230769231 0.07692307692307693 0.038461538461538464
1 0.8149038461538461 0.6935096153846154 0.04326923076923077 0.021634615384615384