0 0.2512019230769231 0.3112980769230769 0.18269230769230768 0.08173076923076923
0 0.2644230769230769 0.8064903846153846 0.16346153846153846 0.07451923076923077
0 0.33413461538461536 0.09134615384615384 0.1778846153846154 0.09134615384615384
0 0.3870192307692308 0.47836538461538464 0.16346153846153846 0.08173076923076923
0 0.04326923076923077 0.7848557692307693 0.08653846153846154 0.06490384615384616
0 0.43509615384615385 0.2620192307692308 0.1875 0.08653846153846154
0 0.4362980769230769 0.6478365384615384 0.17307692307692307 0.07211538461538461
0 0.4639423076923077 0.8737980769230769 0.15865384615384615 0.07692307692307693
0 0.052884615384615384 0.25721153846153844 0.10576923076923077 0.07692307692307693
0 0.6105769230769231 0.03125 0.20192307692307693 0.06009615384615385
0 0.6129807692307693 0.38341346153846156 0.18269230769230768 0.08173076923076923
0 0.6610576923076923 0.7932692307692307 0.16826923076923078 0.08173076923076923
0 0.07692307692307693 0.6033653846153846 0.13942307692307693 0.07692307692307693
0 0.7896634615384616 0.5997596153846154 0.16346153846153846 0.08173076923076923
0 0.8834134615384616 0.18870192307692307 0.15384615384615385 0.08173076923076923
0 0.11177884615384616 0.37740384615384615 0.14903846153846154 0.07692307692307693
0 0.11658653846153846 0.06971153846153846 0.1875 0.08653846153846154
0 0.14182692307692307 0.9507211538461539 0.18269230769230768 0.07211538461538461
0 0.1658653846153846 0.5132211538461539 0.17307692307692307 0.07692307692307693
0 0.1778846153846154 0.6899038461538461 0.16346153846153846 0.07451923076923077