0 0.7487980769230769 0.3112980769230769 0.18269230769230768 0.08173076923076923
0 0.7355769230769231 0.8064903846153846 0.16346153846153846 0.07451923076923077
0 0.6658653846153846 0.09134615384615384 0.1778846153846154 0.09134615384615384
0 0.6129807692307693 0.47836538461538464 0.16346153846153846 0.08173076923076923
0 0.9555288461538461 0.7860576923076923 0.08413461538461539 0.0673076923076923
0 0.5649038461538461 0.2620192307692308 0.1875 0.08653846153846154
0 0.5637019230769231 0.6478365384615384 0.17307692307692307 0.07211538461538461
0 0.5360576923076923 0.8737980769230769 0.15865384615384615 0.07692307692307693
0 0.9459134615384616 0.25841346153846156 0.10336538461538461 0.07932692307692307
0 0.3894230769230769 0.03125 0.20192307692307693 0.06009615384615385
0 0.3870192307692308 0.38341346153846156 0.18269230769230768 0.08173076923076923
0 0.3389423076923077 0.7932692307692307 0.16826923076923078 0.08173076923076923
0 0.9230769230769231 0.6033653846153846 0.13942307692307693 0.07692307692307693
0 0.21033653846153846 0.5997596153846154 0.16346153846153846 0.08173076923076923
0 0.11658653846153846 0.18870192307692307 0.15384615384615385 0.08173076923076923
0 0.8882211538461539 0.37740384615384615 0.14903846153846154 0.07692307692307693
0 0.8834134615384616 0.06971153846153846 0.1875 0.08653846153846154
0 0.8581730769230769 0.9507211538461539 0.18269230769230768 0.07211538461538461
0 0.8341346153846154 0.5132211538461539 0.17307692307692307 0.07692307692307693
0 0.8221153846153846 0.6899038461538461 0.16346153846153846 0.07451923076923077