1 0.26802884615384615 0.4651442307692308 0.04807692307692308 0.02403846153846154
1 0.2692307692307692 0.2668269230769231 0.04326923076923077 0.021634615384615384
1 0.3004807692307692 0.5396634615384616 0.04807692307692308 0.02403846153846154
1 0.3473557692307692 0.43028846153846156 0.052884615384615384 0.028846153846153848
1 0.42427884615384615 0.5144230769230769 0.04807692307692308 0.021634615384615384
1 0.43149038461538464 0.24639423076923078 0.057692307692307696 0.026442307692307692
1 0.44591346153846156 0.18269230769230768 0.052884615384615384 0.028846153846153848
1 0.4483173076923077 0.18389423076923078 0.057692307692307696 0.02403846153846154
1 0.47716346153846156 0.39663461538461536 0.057692307692307696 0.028846153846153848
1 0.5709134615384616 0.390625 0.057692307692307696 0.03365384615384615
1 0.5841346153846154 0.028846153846153848 0.052884615384615384 0.028846153846153848
1 0.640625 0.4387019230769231 0.0625 0.028846153846153848
1 0.6550480769230769 0.34615384615384615 0.057692307692307696 0.026442307692307692
1 0.6682692307692307 0.2536057692307692 0.0625 0.028846153846153848
1 0.6983173076923077 0.09615384615384616 0.057692307692307696 0.03365384615384615
1 0.07211538461538461 0.4411057692307692 0.04326923076923077 0.016826923076923076
1 0.7920673076923077 0.43028846153846156 0.0673076923076923 0.03365384615384615
1 0.7992788461538461 0.10817307692307693 0.08173076923076923 0.038461538461538464
1 0.0829326923076923 0.28966346153846156 0.04326923076923077 0.02403846153846154
1 0.8533653846153846 0.04326923076923077 0.0673076923076923 0.028846153846153848
1 0.9579326923076923 0.4362980769230769 0.07692307692307693 0.038461538461538464
1 0.18509615384615385 0.30649038461538464 0.04326923076923077 0.021634615384615384