0 0.7211538461538461 0.5985576923076923 0.07692307692307693 0.038461538461538464
0 0.6814903846153846 0.28125 0.07692307692307693 0.036057692307692304
0 0.6598557692307693 0.7067307692307693 0.07692307692307693 0.040865384615384616
0 0.6394230769230769 0.8425480769230769 0.08173076923076923 0.040865384615384616
0 0.6358173076923077 0.4014423076923077 0.08653846153846154 0.038461538461538464
0 0.5745192307692307 0.5504807692307693 0.08653846153846154 0.038461538461538464
0 0.4807692307692308 0.1622596153846154 0.0985576923076923 0.052884615384615384
0 0.47596153846153844 0.36658653846153844 0.10336538461538461 0.04807692307692308
0 0.47475961538461536 0.6466346153846154 0.10576923076923077 0.05048076923076923
0 0.41586538461538464 0.26322115384615385 0.08653846153846154 0.04326923076923077
0 0.33052884615384615 0.5252403846153846 0.10336538461538461 0.04807692307692308
0 0.328125 0.7487980769230769 0.10336538461538461 0.05048076923076923
0 0.24519230769230768 0.3401442307692308 0.09134615384615384 0.04807692307692308
0 0.8365384615384616 0.3401442307692308 0.08653846153846154 0.036057692307692304
0 0.8329326923076923 0.45913461538461536 0.08173076923076923 0.038461538461538464
0 0.8209134615384616 0.5829326923076923 0.08173076923076923 0.038461538461538464
0 0.7872596153846154 0.7319711538461539 0.08173076923076923 0.040865384615384616