0 0.2824519230769231 0.5733173076923077 0.057692307692307696 0.028846153846153848
0 0.29086538461538464 0.21153846153846154 0.07211538461538461 0.038461538461538464
0 0.296875 0.11778846153846154 0.0625 0.036057692307692304
0 0.3016826923076923 0.5144230769230769 0.08653846153846154 0.038461538461538464
0 0.31009615384615385 0.4519230769230769 0.07692307692307693 0.036057692307692304
0 0.3173076923076923 0.6225961538461539 0.07692307692307693 0.04326923076923077
0 0.03365384615384615 0.5276442307692307 0.038461538461538464 0.019230769230769232
0 0.03365384615384615 0.027644230769230768 0.04326923076923077 0.02403846153846154
0 0.34134615384615385 0.1622596153846154 0.08173076923076923 0.038461538461538464
0 0.3425480769230769 0.3581730769230769 0.07211538461538461 0.038461538461538464
0 0.3449519230769231 0.8221153846153846 0.08413461538461539 0.04326923076923077
0 0.35336538461538464 0.41586538461538464 0.07211538461538461 0.04326923076923077
0 0.037259615384615384 0.7644230769230769 0.036057692307692304 0.019230769230769232
0 0.38461538461538464 0.9411057692307693 0.07692307692307693 0.038461538461538464
0 0.3870192307692308 0.22115384615384615 0.07211538461538461 0.04326923076923077
0 0.38822115384615385 0.5384615384615384 0.09615384615384616 0.05048076923076923
0 0.038461538461538464 0.8533653846153846 0.038461538461538464 0.019230769230769232
0 0.040865384615384616 0.7043269230769231 0.04326923076923077 0.019230769230769232
0 0.4050480769230769 0.1141826923076923 0.08173076923076923 0.038461538461538464
0 0.40865384615384615 0.6141826923076923 0.07692307692307693 0.04326923076923077
0 0.41225961538461536 0.4723557692307692 0.07692307692307693 0.04326923076923077
0 0.41225961538461536 0.3245192307692308 0.08413461538461539 0.04807692307692308
0 0.41466346153846156 0.7271634615384616 0.09615384615384616 0.052884615384615384
0 0.042067307692307696 0.4723557692307692 0.038461538461538464 0.019230769230769232
0 0.421875 0.8894230769230769 0.09134615384615384 0.04567307692307692
0 0.4423076923076923 0.3894230769230769 0.0889423076923077 0.04326923076923077
0 0.4699519230769231 0.2548076923076923 0.09134615384615384 0.04326923076923077
0 0.47115384615384615 0.6658653846153846 0.10096153846153846 0.052884615384615384
0 0.4831730769230769 0.15985576923076922 0.09134615384615384 0.038461538461538464
0 0.4831730769230769 0.03125 0.08653846153846154 0.03365384615384615
0 0.484375 0.8173076923076923 0.10576923076923077 0.06009615384615385
0 0.4879807692307692 0.4963942307692308 0.0889423076923077 0.057692307692307696
0 0.05048076923076923 0.7896634615384616 0.03365384615384615 0.016826923076923076
0 0.051682692307692304 0.35336538461538464 0.04326923076923077 0.019230769230769232
0 0.5096153846153846 0.9170673076923077 0.08413461538461539 0.05048076923076923
0 0.5492788461538461 0.06490384615384616 0.0889423076923077 0.04326923076923077
0 0.055288461538461536 0.5480769230769231 0.04326923076923077 0.02403846153846154
0 0.5817307692307693 0.35216346153846156 0.07692307692307693 0.04326923076923077
0 0.05889423076923077 0.5913461538461539 0.038461538461538464 0.019230769230769232
0 0.06009615384615385 0.2512019230769231 0.04807692307692308 0.019230769230769232
0 0.5973557692307693 0.12740384615384615 0.09134615384615384 0.04567307692307692
0 0.06129807692307692 0.8329326923076923 0.03365384615384615 0.019230769230769232
0 0.06370192307692307 0.39302884615384615 0.04326923076923077 0.02403846153846154
0 0.06370192307692307 0.8846153846153846 0.04326923076923077 0.019230769230769232
0 0.6526442307692307 0.24639423076923078 0.09134615384615384 0.04326923076923077
0 0.06971153846153846 0.32091346153846156 0.038461538461538464 0.019230769230769232
0 0.07091346153846154 0.6201923076923077 0.04326923076923077 0.019230769230769232
0 0.07091346153846154 0.20432692307692307 0.036057692307692304 0.016826923076923076
0 0.6995192307692307 0.4639423076923077 0.08413461538461539 0.04807692307692308
0 0.6995192307692307 0.796875 0.10096153846153846 0.04807692307692308
0 0.7199519230769231 0.3329326923076923 0.08653846153846154 0.04326923076923077
0 0.07211538461538461 0.027644230769230768 0.038461538461538464 0.019230769230769232
0 0.7367788461538461 0.9038461538461539 0.10817307692307693 0.055288461538461536
0 0.7512019230769231 0.6935096153846154 0.08173076923076923 0.04567307692307692
0 0.7572115384615384 0.15144230769230768 0.0889423076923077 0.04807692307692308
0 0.7740384615384616 0.5673076923076923 0.11057692307692307 0.052884615384615384
0 0.078125 0.13942307692307693 0.04326923076923077 0.02403846153846154
0 0.08052884615384616 0.18389423076923078 0.038461538461538464 0.019230769230769232
0 0.8100961538461539 0.2620192307692308 0.08413461538461539 0.038461538461538464
0 0.8125 0.375 0.08653846153846154 0.052884615384615384
0 0.8221153846153846 0.49759615384615385 0.0889423076923077 0.04807692307692308
0 0.8353365384615384 0.6526442307692307 0.0889423076923077 0.04807692307692308
0 0.08653846153846154 0.4879807692307692 0.038461538461538464 0.019230769230769232
0 0.08774038461538461 0.22355769230769232 0.04807692307692308 0.019230769230769232
0 0.0889423076923077 0.5673076923076923 0.04326923076923077 0.019230769230769232
0 0.0889423076923077 0.36899038461538464 0.038461538461538464 0.019230769230769232
0 0.09375 0.6911057692307693 0.04326923076923077 0.021634615384615384
0 0.0985576923076923 0.11177884615384616 0.04807692307692308 0.028846153846153848
0 0.09975961538461539 0.4182692307692308 0.055288461538461536 0.02403846153846154
0 0.10216346153846154 0.5216346153846154 0.04807692307692308 0.02403846153846154
0 0.10336538461538461 0.8269230769230769 0.05048076923076923 0.019230769230769232
0 0.10576923076923077 0.6634615384615384 0.05048076923076923 0.02403846153846154
0 0.10576923076923077 0.4651442307692308 0.055288461538461536 0.019230769230769232
0 0.10576923076923077 0.2980769230769231 0.055288461538461536 0.02403846153846154
0 0.10817307692307693 0.7415865384615384 0.04326923076923077 0.02403846153846154
0 0.1141826923076923 0.08413461538461539 0.038461538461538464 0.02403846153846154
0 0.1201923076923077 0.6165865384615384 0.038461538461538464 0.02403846153846154
0 0.125 0.31850961538461536 0.05048076923076923 0.02403846153846154
0 0.125 0.8533653846153846 0.04326923076923077 0.02403846153846154
0 0.12980769230769232 0.49158653846153844 0.04807692307692308 0.028846153846153848
0 0.1346153846153846 0.43990384615384615 0.052884615384615384 0.02403846153846154
0 0.13701923076923078 0.24158653846153846 0.04326923076923077 0.02403846153846154
0 0.13942307692307693 0.27163461538461536 0.05048076923076923 0.028846153846153848
0 0.140625 0.9170673076923077 0.04807692307692308 0.016826923076923076
0 0.1466346153846154 0.3641826923076923 0.052884615384615384 0.02403846153846154
0 0.1502403846153846 0.5925480769230769 0.055288461538461536 0.028846153846153848
0 0.1502403846153846 0.15865384615384615 0.055288461538461536 0.03365384615384615
0 0.15264423076923078 0.12379807692307693 0.05048076923076923 0.019230769230769232
0 0.15625 0.06370192307692307 0.05048076923076923 0.028846153846153848
0 0.15745192307692307 0.33774038461538464 0.057692307692307696 0.02403846153846154
0 0.15865384615384615 0.8004807692307693 0.05048076923076923 0.028846153846153848
0 0.16706730769230768 0.7680288461538461 0.0673076923076923 0.03365384615384615
0 0.17427884615384615 0.8269230769230769 0.04807692307692308 0.019230769230769232
0 0.1778846153846154 0.6850961538461539 0.05048076923076923 0.03365384615384615
0 0.1778846153846154 0.5240384615384616 0.0625 0.028846153846153848
0 0.18509615384615385 0.4855769230769231 0.057692307692307696 0.028846153846153848
0 0.18629807692307693 0.8545673076923077 0.0673076923076923 0.036057692307692304
0 0.19230769230769232 0.10817307692307693 0.055288461538461536 0.02403846153846154
0 0.1935096153846154 0.2536057692307692 0.057692307692307696 0.03125
0 0.1935096153846154 0.21634615384615385 0.052884615384615384 0.028846153846153848
0 0.19471153846153846 0.5625 0.07211538461538461 0.036057692307692304
0 0.19471153846153846 0.41466346153846156 0.05048076923076923 0.02403846153846154
0 0.19831730769230768 0.3112980769230769 0.0673076923076923 0.038461538461538464
0 0.20552884615384615 0.7235576923076923 0.055288461538461536 0.03125
0 0.2091346153846154 0.36177884615384615 0.0625 0.03125
0 0.2091346153846154 0.14543269230769232 0.0673076923076923 0.036057692307692304
0 0.21394230769230768 0.4495192307692308 0.05048076923076923 0.028846153846153848
0 0.22235576923076922 0.7980769230769231 0.0673076923076923 0.036057692307692304
0 0.234375 0.07692307692307693 0.07692307692307693 0.038461538461538464
0 0.24278846153846154 0.9158653846153846 0.07692307692307693 0.038461538461538464
0 0.2512019230769231 0.4266826923076923 0.0625 0.03125
0 0.2536057692307692 0.8713942307692307 0.07692307692307693 0.038461538461538464
0 0.2620192307692308 0.7560096153846154 0.0625 0.038461538461538464
0 0.265625 0.25841346153846156 0.06971153846153846 0.03125
0 0.2704326923076923 0.6622596153846154 0.08413461538461539 0.038461538461538464
0 0.27283653846153844 0.38221153846153844 0.0673076923076923 0.038461538461538464