0 0.2512019230769231 0.6887019230769231 0.18269230769230768 0.08413461538461539
0 0.2644230769230769 0.1935096153846154 0.16346153846153846 0.07211538461538461
0 0.33413461538461536 0.9086538461538461 0.1778846153846154 0.09134615384615384
0 0.3870192307692308 0.5216346153846154 0.16346153846153846 0.08173076923076923
0 0.04326923076923077 0.21514423076923078 0.08653846153846154 0.06490384615384616
0 0.43509615384615385 0.7379807692307693 0.1875 0.08653846153846154
0 0.4362980769230769 0.35216346153846156 0.17307692307692307 0.07211538461538461
0 0.4639423076923077 0.12620192307692307 0.15865384615384615 0.07692307692307693
0 0.052884615384615384 0.7427884615384616 0.10576923076923077 0.07692307692307693
0 0.6105769230769231 0.96875 0.20192307692307693 0.06009615384615385
0 0.6129807692307693 0.6165865384615384 0.18269230769230768 0.08173076923076923
0 0.6610576923076923 0.20673076923076922 0.16826923076923078 0.08173076923076923
0 0.07692307692307693 0.39663461538461536 0.13942307692307693 0.07692307692307693
0 0.7896634615384616 0.40024038461538464 0.16346153846153846 0.08173076923076923
0 0.8834134615384616 0.8112980769230769 0.15384615384615385 0.08413461538461539
0 0.11177884615384616 0.6225961538461539 0.14903846153846154 0.07692307692307693
0 0.11658653846153846 0.9302884615384616 0.1875 0.08653846153846154
0 0.14182692307692307 0.04927884615384615 0.18269230769230768 0.07211538461538461
0 0.1658653846153846 0.48677884615384615 0.17307692307692307 0.07692307692307693
0 0.1778846153846154 0.31009615384615385 0.16346153846153846 0.07211538461538461