0 0.4266826923076923 0.2824519230769231 0.028846153846153848 0.057692307692307696
0 0.7884615384615384 0.29086538461538464 0.038461538461538464 0.07211538461538461
0 0.8822115384615384 0.296875 0.036057692307692304 0.0625
0 0.4855769230769231 0.3016826923076923 0.038461538461538464 0.08653846153846154
0 0.5480769230769231 0.31009615384615385 0.036057692307692304 0.07692307692307693
0 0.37740384615384615 0.3173076923076923 0.04326923076923077 0.07692307692307693
0 0.4723557692307692 0.03365384615384615 0.019230769230769232 0.038461538461538464
0 0.9723557692307693 0.03365384615384615 0.02403846153846154 0.04326923076923077
0 0.8377403846153846 0.34134615384615385 0.038461538461538464 0.08173076923076923
0 0.6418269230769231 0.3425480769230769 0.038461538461538464 0.07211538461538461
0 0.1778846153846154 0.3449519230769231 0.04326923076923077 0.08413461538461539
0 0.5841346153846154 0.35336538461538464 0.04326923076923077 0.07211538461538461
0 0.23557692307692307 0.037259615384615384 0.019230769230769232 0.036057692307692304
0 0.05889423076923077 0.38461538461538464 0.038461538461538464 0.07692307692307693
0 0.7788461538461539 0.3870192307692308 0.04326923076923077 0.07211538461538461
0 0.46153846153846156 0.38822115384615385 0.05048076923076923 0.09615384615384616
0 0.1466346153846154 0.038461538461538464 0.019230769230769232 0.038461538461538464
0 0.2956730769230769 0.040865384615384616 0.019230769230769232 0.04326923076923077
0 0.8858173076923077 0.4050480769230769 0.038461538461538464 0.08173076923076923
0 0.3858173076923077 0.40865384615384615 0.04326923076923077 0.07692307692307693
0 0.5276442307692307 0.41225961538461536 0.04326923076923077 0.07692307692307693
0 0.6754807692307693 0.41225961538461536 0.04807692307692308 0.08413461538461539
0 0.27283653846153844 0.41466346153846156 0.052884615384615384 0.09615384615384616
0 0.5276442307692307 0.042067307692307696 0.019230769230769232 0.038461538461538464
0 0.11057692307692307 0.421875 0.04567307692307692 0.09134615384615384
0 0.6105769230769231 0.4423076923076923 0.04326923076923077 0.0889423076923077
0 0.7451923076923077 0.4699519230769231 0.04326923076923077 0.09134615384615384
0 0.33413461538461536 0.47115384615384615 0.052884615384615384 0.10096153846153846
0 0.8401442307692307 0.4831730769230769 0.038461538461538464 0.09134615384615384
0 0.96875 0.4831730769230769 0.03365384615384615 0.08653846153846154
0 0.18269230769230768 0.484375 0.06009615384615385 0.10576923076923077
0 0.5036057692307693 0.4879807692307692 0.057692307692307696 0.0889423076923077
0 0.21033653846153846 0.05048076923076923 0.016826923076923076 0.03365384615384615
0 0.6466346153846154 0.051682692307692304 0.019230769230769232 0.04326923076923077
0 0.0829326923076923 0.5096153846153846 0.05048076923076923 0.08413461538461539
0 0.9350961538461539 0.5492788461538461 0.04326923076923077 0.0889423076923077
0 0.4519230769230769 0.055288461538461536 0.02403846153846154 0.04326923076923077
0 0.6478365384615384 0.5817307692307693 0.04326923076923077 0.07692307692307693
0 0.40865384615384615 0.05889423076923077 0.019230769230769232 0.038461538461538464
0 0.7487980769230769 0.06009615384615385 0.019230769230769232 0.04807692307692308
0 0.8725961538461539 0.5973557692307693 0.04567307692307692 0.09134615384615384
0 0.16706730769230768 0.06129807692307692 0.019230769230769232 0.03365384615384615
0 0.6069711538461539 0.06370192307692307 0.02403846153846154 0.04326923076923077
0 0.11538461538461539 0.06370192307692307 0.019230769230769232 0.04326923076923077
0 0.7536057692307693 0.6526442307692307 0.04326923076923077 0.09134615384615384
0 0.6790865384615384 0.06971153846153846 0.019230769230769232 0.038461538461538464
0 0.3798076923076923 0.07091346153846154 0.019230769230769232 0.04326923076923077
0 0.7956730769230769 0.07091346153846154 0.016826923076923076 0.036057692307692304
0 0.5360576923076923 0.6995192307692307 0.04807692307692308 0.08413461538461539
0 0.203125 0.6995192307692307 0.04807692307692308 0.10096153846153846
0 0.6670673076923077 0.7199519230769231 0.04326923076923077 0.08653846153846154
0 0.9723557692307693 0.07211538461538461 0.019230769230769232 0.038461538461538464
0 0.09615384615384616 0.7367788461538461 0.052884615384615384 0.10817307692307693
0 0.30649038461538464 0.7512019230769231 0.04567307692307692 0.08173076923076923
0 0.8485576923076923 0.7572115384615384 0.04807692307692308 0.0889423076923077
0 0.4326923076923077 0.7740384615384616 0.052884615384615384 0.11057692307692307
0 0.8605769230769231 0.078125 0.02403846153846154 0.04326923076923077
0 0.8161057692307693 0.08052884615384616 0.019230769230769232 0.038461538461538464
0 0.7379807692307693 0.8100961538461539 0.038461538461538464 0.08413461538461539
0 0.625 0.8125 0.052884615384615384 0.08653846153846154
0 0.5024038461538461 0.8221153846153846 0.04807692307692308 0.0889423076923077
0 0.3473557692307692 0.8353365384615384 0.04807692307692308 0.0889423076923077
0 0.5120192307692307 0.08653846153846154 0.019230769230769232 0.038461538461538464
0 0.7764423076923077 0.08774038461538461 0.019230769230769232 0.04807692307692308
0 0.4326923076923077 0.0889423076923077 0.019230769230769232 0.04326923076923077
0 0.6310096153846154 0.0889423076923077 0.019230769230769232 0.038461538461538464
0 0.3088942307692308 0.09375 0.019230769230769232 0.04326923076923077
0 0.8882211538461539 0.0985576923076923 0.028846153846153848 0.04807692307692308
0 0.5817307692307693 0.09975961538461539 0.02403846153846154 0.055288461538461536
0 0.47836538461538464 0.10216346153846154 0.02403846153846154 0.04807692307692308
0 0.17307692307692307 0.10336538461538461 0.019230769230769232 0.05048076923076923
0 0.33653846153846156 0.10576923076923077 0.02403846153846154 0.05048076923076923
0 0.5348557692307693 0.10576923076923077 0.019230769230769232 0.055288461538461536
0 0.7019230769230769 0.10576923076923077 0.02403846153846154 0.055288461538461536
0 0.25841346153846156 0.10817307692307693 0.02403846153846154 0.04326923076923077
0 0.9158653846153846 0.1141826923076923 0.02403846153846154 0.038461538461538464
0 0.38341346153846156 0.1201923076923077 0.02403846153846154 0.038461538461538464
0 0.6814903846153846 0.125 0.02403846153846154 0.05048076923076923
0 0.1466346153846154 0.125 0.02403846153846154 0.04326923076923077
0 0.5084134615384616 0.12980769230769232 0.028846153846153848 0.04807692307692308
0 0.5600961538461539 0.1346153846153846 0.02403846153846154 0.052884615384615384
0 0.7584134615384616 0.13701923076923078 0.02403846153846154 0.04326923076923077
0 0.7283653846153846 0.13942307692307693 0.028846153846153848 0.05048076923076923
0 0.0829326923076923 0.140625 0.016826923076923076 0.04807692307692308
0 0.6358173076923077 0.1466346153846154 0.02403846153846154 0.052884615384615384
0 0.4074519230769231 0.1502403846153846 0.028846153846153848 0.055288461538461536
0 0.8413461538461539 0.1502403846153846 0.03365384615384615 0.055288461538461536
0 0.8762019230769231 0.15264423076923078 0.019230769230769232 0.05048076923076923
0 0.9362980769230769 0.15625 0.028846153846153848 0.05048076923076923
0 0.6622596153846154 0.15745192307692307 0.02403846153846154 0.057692307692307696
0 0.19951923076923078 0.15865384615384615 0.028846153846153848 0.05048076923076923
0 0.23197115384615385 0.16706730769230768 0.03365384615384615 0.0673076923076923
0 0.17307692307692307 0.17427884615384615 0.019230769230769232 0.04807692307692308
0 0.31490384615384615 0.1778846153846154 0.03365384615384615 0.05048076923076923
0 0.47596153846153844 0.1778846153846154 0.028846153846153848 0.0625
0 0.5144230769230769 0.18509615384615385 0.028846153846153848 0.057692307692307696
0 0.14543269230769232 0.18629807692307693 0.036057692307692304 0.0673076923076923
0 0.8918269230769231 0.19230769230769232 0.02403846153846154 0.055288461538461536
0 0.7463942307692307 0.1935096153846154 0.03125 0.057692307692307696
0 0.7836538461538461 0.1935096153846154 0.028846153846153848 0.052884615384615384
0 0.4375 0.19471153846153846 0.036057692307692304 0.07211538461538461
0 0.5853365384615384 0.19471153846153846 0.02403846153846154 0.05048076923076923
0 0.6887019230769231 0.19831730769230768 0.038461538461538464 0.0673076923076923
0 0.2764423076923077 0.20552884615384615 0.03125 0.055288461538461536
0 0.6382211538461539 0.2091346153846154 0.03125 0.0625
0 0.8545673076923077 0.2091346153846154 0.036057692307692304 0.0673076923076923
0 0.5504807692307693 0.21394230769230768 0.028846153846153848 0.05048076923076923
0 0.20192307692307693 0.22235576923076922 0.036057692307692304 0.0673076923076923
0 0.9230769230769231 0.234375 0.038461538461538464 0.07692307692307693
0 0.08413461538461539 0.24278846153846154 0.038461538461538464 0.07692307692307693
0 0.5733173076923077 0.2512019230769231 0.03125 0.0625
0 0.12860576923076922 0.2536057692307692 0.038461538461538464 0.07692307692307693
0 0.2439903846153846 0.2620192307692308 0.038461538461538464 0.0625
0 0.7415865384615384 0.265625 0.03125 0.06971153846153846
0 0.33774038461538464 0.2704326923076923 0.038461538461538464 0.08413461538461539
0 0.6177884615384616 0.27283653846153844 0.038461538461538464 0.0673076923076923