0 0.6694711538461539 0.25721153846153844 0.028846153846153848 0.06971153846153846
0 0.515625 0.27403846153846156 0.03365384615384615 0.07692307692307693
0 0.3894230769230769 0.2860576923076923 0.038461538461538464 0.06971153846153846
0 0.2980769230769231 0.36778846153846156 0.03125 0.0625
0 0.41947115384615385 0.38221153846153844 0.03365384615384615 0.06971153846153846
0 0.6778846153846154 0.38221153846153844 0.03125 0.06490384615384616
0 0.6286057692307693 0.4567307692307692 0.038461538461538464 0.07692307692307693
0 0.2800480769230769 0.49158653846153844 0.038461538461538464 0.06971153846153846
0 0.7463942307692307 0.5012019230769231 0.036057692307692304 0.07692307692307693
0 0.5096153846153846 0.515625 0.028846153846153848 0.06490384615384616
0 0.39663461538461536 0.5204326923076923 0.03125 0.0625
0 0.6935096153846154 0.6129807692307693 0.040865384615384616 0.07692307692307693
0 0.43028846153846156 0.6213942307692307 0.04326923076923077 0.07211538461538461
0 0.5733173076923077 0.6225961538461539 0.038461538461538464 0.07451923076923077
0 0.30288461538461536 0.6418269230769231 0.038461538461538464 0.057692307692307696
0 0.8125 0.6502403846153846 0.03365384615384615 0.0673076923076923
0 0.6165865384615384 0.7427884615384616 0.040865384615384616 0.07451923076923077
0 0.23557692307692307 0.7487980769230769 0.04326923076923077 0.09134615384615384
0 0.3605769230769231 0.7644230769230769 0.038461538461538464 0.08173076923076923
0 0.4855769230769231 0.7680288461538461 0.038461538461538464 0.07451923076923077
0 0.8737980769230769 0.7752403846153846 0.04326923076923077 0.08173076923076923
0 0.7536057692307693 0.7932692307692307 0.038461538461538464 0.08173076923076923
0 0.5084134615384616 0.09975961538461539 0.03365384615384615 0.06971153846153846
0 0.5697115384615384 0.17307692307692307 0.028846153846153848 0.057692307692307696
0 0.4543269230769231 0.20673076923076922 0.028846153846153848 0.0625