0 0.26802884615384615 0.2283653846153846 0.0673076923076923 0.03365384615384615
0 0.33774038461538464 0.9122596153846154 0.09134615384615384 0.052884615384615384
0 0.37740384615384615 0.39663461538461536 0.08173076923076923 0.040865384615384616
0 0.4074519230769231 0.3173076923076923 0.07692307692307693 0.040865384615384616
0 0.4266826923076923 0.5120192307692307 0.08653846153846154 0.036057692307692304
0 0.4362980769230769 0.2127403846153846 0.07692307692307693 0.04326923076923077
0 0.4411057692307692 0.6370192307692307 0.0985576923076923 0.04567307692307692
0 0.4519230769230769 0.8028846153846154 0.09615384615384616 0.057692307692307696
0 0.49158653846153844 0.09615384615384616 0.09134615384615384 0.05048076923076923
0 0.15745192307692307 0.41947115384615385 0.0625 0.036057692307692304
0 0.18028846153846154 0.6598557692307693 0.07211538461538461 0.03365384615384615
0 0.18028846153846154 0.49158653846153844 0.057692307692307696 0.036057692307692304
0 0.19110576923076922 0.7247596153846154 0.07692307692307693 0.036057692307692304
0 0.1971153846153846 0.34615384615384615 0.052884615384615384 0.03365384615384615
0 0.20192307692307693 0.5865384615384616 0.08173076923076923 0.03365384615384615
0 0.21634615384615385 0.2800480769230769 0.0625 0.03365384615384615
0 0.23076923076923078 0.8305288461538461 0.08653846153846154 0.04567307692307692
0 0.24158653846153846 0.5300480769230769 0.0673076923076923 0.03125