1 0.6081730769230769 0.4699519230769231 0.09375 0.04326923076923077
0 0.5877403846153846 0.7055288461538461 0.09134615384615384 0.04326923076923077
1 0.9495192307692307 0.7439903846153846 0.07211538461538461 0.052884615384615384
1 0.46274038461538464 0.13581730769230768 0.09375 0.04326923076923077
1 0.4387019230769231 0.44350961538461536 0.09134615384615384 0.052884615384615384
0 0.921875 0.11057692307692307 0.07451923076923077 0.038461538461538464
0 0.859375 0.47596153846153844 0.08653846153846154 0.04807692307692308
1 0.8485576923076923 0.8233173076923077 0.08653846153846154 0.052884615384615384
0 0.7884615384615384 0.1778846153846154 0.07211538461538461 0.04326923076923077
0 0.71875 0.8076923076923077 0.08173076923076923 0.038461538461538464
1 0.7019230769230769 0.43149038461538464 0.07211538461538461 0.038461538461538464
0 0.6418269230769231 0.16706730769230768 0.09375 0.05048076923076923