1 0.9362980769230769 0.5360576923076923 0.0625 0.13942307692307693
1 0.17668269230769232 0.6334134615384616 0.038461538461538464 0.13942307692307693
1 0.5108173076923077 0.6754807692307693 0.04326923076923077 0.1346153846153846
1 0.12620192307692307 0.7151442307692307 0.057692307692307696 0.16826923076923078
1 0.5673076923076923 0.7596153846153846 0.06009615384615385 0.1346153846153846
1 0.04326923076923077 0.8305288461538461 0.0673076923076923 0.1778846153846154
1 0.26322115384615385 0.08653846153846154 0.04807692307692308 0.1201923076923077
1 0.6622596153846154 0.08653846153846154 0.05048076923076923 0.13942307692307693
1 0.7512019230769231 0.08653846153846154 0.0625 0.13942307692307693
1 0.38100961538461536 0.8870192307692307 0.057692307692307696 0.16346153846153846
1 0.8966346153846154 0.18028846153846154 0.057692307692307696 0.1201923076923077
1 0.07932692307692307 0.18269230769230768 0.04326923076923077 0.1346153846153846
1 0.5012019230769231 0.2824519230769231 0.052884615384615384 0.12980769230769232
0 0.0985576923076923 0.3485576923076923 0.04807692307692308 0.12980769230769232
1 0.6454326923076923 0.36177884615384615 0.05048076923076923 0.1201923076923077
1 0.2776442307692308 0.3713942307692308 0.055288461538461536 0.13942307692307693