1 0.640625 0.4206730769230769 0.04326923076923077 0.028846153846153848
1 0.6334134615384616 0.8810096153846154 0.05048076923076923 0.02403846153846154
1 0.6334134615384616 0.13221153846153846 0.05048076923076923 0.02403846153846154
1 0.6310096153846154 0.5360576923076923 0.052884615384615384 0.028846153846153848
1 0.6298076923076923 0.17067307692307693 0.05048076923076923 0.02403846153846154
1 0.6201923076923077 0.6682692307692307 0.05048076923076923 0.02403846153846154
1 0.6153846153846154 0.6033653846153846 0.05048076923076923 0.02403846153846154
1 0.609375 0.2620192307692308 0.04807692307692308 0.02403846153846154
1 0.6021634615384616 0.7331730769230769 0.04807692307692308 0.028846153846153848
1 0.5769230769230769 0.43149038461538464 0.052884615384615384 0.02403846153846154
0 0.5504807692307693 0.28846153846153844 0.05048076923076923 0.028846153846153848
1 0.5480769230769231 0.3605769230769231 0.052884615384615384 0.02403846153846154
1 0.546875 0.7175480769230769 0.057692307692307696 0.02403846153846154
1 0.5444711538461539 0.07211538461538461 0.04807692307692308 0.02403846153846154
1 0.5288461538461539 0.014423076923076924 0.057692307692307696 0.02403846153846154
1 0.4891826923076923 0.5961538461538461 0.05048076923076923 0.028846153846153848
1 0.4735576923076923 0.9435096153846154 0.052884615384615384 0.028846153846153848
1 0.4675480769230769 0.45072115384615385 0.057692307692307696 0.02403846153846154
1 0.4567307692307692 0.6983173076923077 0.06490384615384616 0.03365384615384615
1 0.44591346153846156 0.28966346153846156 0.057692307692307696 0.028846153846153848
0 0.43509615384615385 0.11177884615384616 0.05048076923076923 0.028846153846153848
1 0.42427884615384615 0.4735576923076923 0.057692307692307696 0.03365384615384615
1 0.4026442307692308 0.9423076923076923 0.057692307692307696 0.03125
1 0.4014423076923077 0.2620192307692308 0.0625 0.02403846153846154
1 0.38822115384615385 0.3762019230769231 0.057692307692307696 0.028846153846153848
0 0.3737980769230769 0.1622596153846154 0.05048076923076923 0.02403846153846154
1 0.30528846153846156 0.37740384615384615 0.06490384615384616 0.02403846153846154
1 0.3016826923076923 0.40625 0.057692307692307696 0.03365384615384615
1 0.25721153846153844 0.6033653846153846 0.0625 0.03365384615384615
1 0.234375 0.3293269230769231 0.06490384615384616 0.03365384615384615
1 0.22716346153846154 0.9411057692307693 0.06490384615384616 0.028846153846153848
1 0.20673076923076922 0.9050480769230769 0.0673076923076923 0.03365384615384615
1 0.1875 0.6490384615384616 0.057692307692307696 0.028846153846153848
1 0.140625 0.5492788461538461 0.06490384615384616 0.03365384615384615
1 0.0985576923076923 0.7536057692307693 0.07692307692307693 0.038461538461538464
1 0.07932692307692307 0.41346153846153844 0.07211538461538461 0.03365384615384615
1 0.06850961538461539 0.24639423076923078 0.07211538461538461 0.03365384615384615
1 0.040865384615384616 0.90625 0.07692307692307693 0.04807692307692308
1 0.7716346153846154 0.5060096153846154 0.04807692307692308 0.02403846153846154
0 0.765625 0.34375 0.05048076923076923 0.02403846153846154
1 0.765625 0.7740384615384616 0.04326923076923077 0.02403846153846154
1 0.7235576923076923 0.8497596153846154 0.04326923076923077 0.021634615384615384
0 0.7163461538461539 0.2668269230769231 0.04326923076923077 0.02403846153846154
1 0.7163461538461539 0.36658653846153844 0.04326923076923077 0.02403846153846154
0 0.7139423076923077 0.13822115384615385 0.04807692307692308 0.02403846153846154
1 0.7067307692307693 0.5612980769230769 0.038461538461538464 0.02403846153846154
1 0.6850961538461539 0.45913461538461536 0.04807692307692308 0.028846153846153848
1 0.6850961538461539 0.9230769230769231 0.04807692307692308 0.019230769230769232
1 0.6418269230769231 0.48677884615384615 0.04807692307692308 0.02403846153846154