1 0.6105769230769231 0.5949519230769231 0.0673076923076923 0.028846153846153848
1 0.6009615384615384 0.10576923076923077 0.0625 0.038461538461538464
1 0.9591346153846154 0.15144230769230768 0.06009615384615385 0.03365384615384615
1 0.53125 0.10216346153846154 0.07451923076923077 0.028846153846153848
1 0.5228365384615384 0.5480769230769231 0.07692307692307693 0.038461538461538464
1 0.5144230769230769 0.32572115384615385 0.08653846153846154 0.04326923076923077
1 0.5144230769230769 0.8978365384615384 0.07692307692307693 0.03365384615384615
1 0.46274038461538464 0.8004807692307693 0.07692307692307693 0.03365384615384615
1 0.4495192307692308 0.43990384615384615 0.08173076923076923 0.038461538461538464
1 0.9423076923076923 0.07211538461538461 0.057692307692307696 0.028846153846153848
1 0.421875 0.17427884615384615 0.08653846153846154 0.04326923076923077
1 0.3329326923076923 0.9146634615384616 0.08173076923076923 0.03125
1 0.9266826923076923 0.31009615384615385 0.06009615384615385 0.028846153846153848
1 0.2824519230769231 0.9543269230769231 0.09375 0.04326923076923077
1 0.2247596153846154 0.7139423076923077 0.09134615384615384 0.04326923076923077
1 0.22115384615384615 0.12740384615384615 0.09134615384615384 0.038461538461538464
1 0.1971153846153846 0.3786057692307692 0.09375 0.04326923076923077
1 0.140625 0.25240384615384615 0.07211538461538461 0.038461538461538464
1 0.9086538461538461 0.5 0.0625 0.028846153846153848
1 0.09735576923076923 0.15264423076923078 0.09134615384615384 0.04326923076923077
1 0.8978365384615384 0.8401442307692307 0.0673076923076923 0.028846153846153848
1 0.8966346153846154 0.5901442307692307 0.07211538461538461 0.028846153846153848
1 0.8485576923076923 0.2824519230769231 0.04807692307692308 0.03365384615384615
1 0.8425480769230769 0.14783653846153846 0.06009615384615385 0.03365384615384615
1 0.8245192307692307 0.6586538461538461 0.0673076923076923 0.028846153846153848
1 0.8112980769230769 0.5637019230769231 0.0625 0.03365384615384615
1 0.8076923076923077 0.06971153846153846 0.0625 0.03365384615384615
1 0.7824519230769231 0.30408653846153844 0.0673076923076923 0.028846153846153848
1 0.9747596153846154 0.8173076923076923 0.04326923076923077 0.028846153846153848
1 0.765625 0.6334134615384616 0.07692307692307693 0.038461538461538464
1 0.9699519230769231 0.43028846153846156 0.055288461538461536 0.038461538461538464
1 0.71875 0.08173076923076923 0.07451923076923077 0.038461538461538464
1 0.7055288461538461 0.24278846153846154 0.0625 0.03365384615384615
1 0.9639423076923077 0.7860576923076923 0.057692307692307696 0.028846153846153848
1 0.6550480769230769 0.3485576923076923 0.06009615384615385 0.038461538461538464
1 0.6550480769230769 0.9567307692307693 0.052884615384615384 0.03365384615384615
1 0.6502403846153846 0.03485576923076923 0.07211538461538461 0.03365384615384615
1 0.6382211538461539 0.7704326923076923 0.08653846153846154 0.03365384615384615