1 0.9555288461538461 0.34975961538461536 0.07211538461538461 0.038461538461538464
1 0.5072115384615384 0.25 0.11057692307692307 0.04326923076923077
1 0.5048076923076923 0.4362980769230769 0.13221153846153846 0.0673076923076923
1 0.5 0.6286057692307693 0.13221153846153846 0.052884615384615384
1 0.47836538461538464 0.35697115384615385 0.1778846153846154 0.06009615384615385
1 0.4074519230769231 0.5408653846153846 0.13221153846153846 0.052884615384615384
1 0.38461538461538464 0.8798076923076923 0.14903846153846154 0.036057692307692304
0 0.3473557692307692 0.8173076923076923 0.18269230769230768 0.05048076923076923
0 0.27884615384615385 0.11057692307692307 0.14182692307692307 0.06971153846153846
1 0.25 0.28846153846153844 0.20673076923076922 0.04326923076923077
0 0.2283653846153846 0.7367788461538461 0.18269230769230768 0.0625
0 0.2127403846153846 0.5168269230769231 0.13221153846153846 0.038461538461538464
1 0.1658653846153846 0.6274038461538461 0.23557692307692307 0.08653846153846154
1 0.13221153846153846 0.36778846153846156 0.21153846153846154 0.055288461538461536
1 0.9098557692307693 0.17908653846153846 0.09134615384615384 0.02403846153846154
0 0.8846153846153846 0.32091346153846156 0.09615384615384616 0.04326923076923077
0 0.8786057692307693 0.42788461538461536 0.10096153846153846 0.038461538461538464
0 0.8689903846153846 0.27403846153846156 0.08413461538461539 0.03365384615384615
1 0.8341346153846154 0.49158653846153844 0.12980769230769232 0.04326923076923077
0 0.8317307692307693 0.7536057692307693 0.125 0.038461538461538464
1 0.8209134615384616 0.5300480769230769 0.11057692307692307 0.028846153846153848
0 0.8028846153846154 0.38100961538461536 0.12980769230769232 0.057692307692307696
1 0.7740384615384616 0.5552884615384616 0.13221153846153846 0.028846153846153848
1 0.7608173076923077 0.6850961538461539 0.14182692307692307 0.03125
0 0.7548076923076923 0.23557692307692307 0.09134615384615384 0.04326923076923077
1 0.7367788461538461 0.4543269230769231 0.09134615384615384 0.04807692307692308
1 0.7319711538461539 0.7848557692307693 0.08413461538461539 0.05048076923076923
0 0.7259615384615384 0.8569711538461539 0.09615384615384616 0.05048076923076923
1 0.6838942307692307 0.6298076923076923 0.1201923076923077 0.06490384615384616
0 0.6730769230769231 0.7223557692307693 0.09615384615384616 0.04326923076923077
1 0.6177884615384616 0.32091346153846156 0.10096153846153846 0.052884615384615384
0 0.5793269230769231 0.8665865384615384 0.125 0.057692307692307696
1 0.5661057692307693 0.5288461538461539 0.10576923076923077 0.04326923076923077