1 0.5300480769230769 0.3918269230769231 0.04326923076923077 0.09375
0 0.29447115384615385 0.41225961538461536 0.04326923076923077 0.09134615384615384
1 0.25600961538461536 0.05048076923076923 0.052884615384615384 0.07211538461538461
1 0.8641826923076923 0.5372596153846154 0.04326923076923077 0.09375
1 0.5564903846153846 0.5612980769230769 0.052884615384615384 0.09134615384615384
0 0.8894230769230769 0.078125 0.038461538461538464 0.07451923076923077
0 0.5240384615384616 0.140625 0.04807692307692308 0.08653846153846154
1 0.17668269230769232 0.15144230769230768 0.052884615384615384 0.08653846153846154
0 0.8221153846153846 0.21153846153846154 0.04326923076923077 0.07211538461538461
0 0.19230769230769232 0.28125 0.038461538461538464 0.08173076923076923
1 0.5685096153846154 0.2980769230769231 0.038461538461538464 0.07211538461538461
0 0.8329326923076923 0.3581730769230769 0.05048076923076923 0.09375