1 0.5949519230769231 0.3894230769230769 0.028846153846153848 0.0673076923076923
1 0.10576923076923077 0.39903846153846156 0.038461538461538464 0.0625
1 0.15144230769230768 0.040865384615384616 0.03365384615384615 0.06009615384615385
1 0.10216346153846154 0.46875 0.028846153846153848 0.07451923076923077
1 0.5480769230769231 0.47716346153846156 0.038461538461538464 0.07692307692307693
1 0.32572115384615385 0.4855769230769231 0.04326923076923077 0.08653846153846154
1 0.8978365384615384 0.4855769230769231 0.03365384615384615 0.07692307692307693
1 0.8004807692307693 0.5372596153846154 0.03365384615384615 0.07692307692307693
1 0.43990384615384615 0.5504807692307693 0.038461538461538464 0.08173076923076923
1 0.07211538461538461 0.057692307692307696 0.028846153846153848 0.057692307692307696
1 0.17427884615384615 0.578125 0.04326923076923077 0.08653846153846154
1 0.9146634615384616 0.6670673076923077 0.028846153846153848 0.08173076923076923
1 0.31009615384615385 0.0733173076923077 0.028846153846153848 0.06009615384615385
1 0.9543269230769231 0.7175480769230769 0.04326923076923077 0.09375
1 0.7139423076923077 0.7752403846153846 0.04326923076923077 0.09134615384615384
1 0.12740384615384615 0.7788461538461539 0.038461538461538464 0.09134615384615384
1 0.3786057692307692 0.8028846153846154 0.04326923076923077 0.09375
1 0.25240384615384615 0.859375 0.038461538461538464 0.07211538461538461
1 0.5 0.09134615384615384 0.028846153846153848 0.0625
1 0.15264423076923078 0.9026442307692307 0.04326923076923077 0.09134615384615384
1 0.8401442307692307 0.10216346153846154 0.028846153846153848 0.0673076923076923
1 0.5901442307692307 0.10336538461538461 0.028846153846153848 0.07211538461538461
1 0.2824519230769231 0.15144230769230768 0.03365384615384615 0.04807692307692308
1 0.14783653846153846 0.15745192307692307 0.03365384615384615 0.06009615384615385
1 0.6586538461538461 0.17548076923076922 0.028846153846153848 0.0673076923076923
1 0.5637019230769231 0.18870192307692307 0.03365384615384615 0.0625
1 0.06971153846153846 0.19230769230769232 0.03365384615384615 0.0625
1 0.30408653846153844 0.21754807692307693 0.028846153846153848 0.0673076923076923
1 0.8173076923076923 0.025240384615384616 0.028846153846153848 0.04326923076923077
1 0.6334134615384616 0.234375 0.038461538461538464 0.07692307692307693
1 0.42908653846153844 0.028846153846153848 0.036057692307692304 0.057692307692307696
1 0.08173076923076923 0.28125 0.038461538461538464 0.07451923076923077
1 0.24278846153846154 0.29447115384615385 0.03365384615384615 0.0625
1 0.7860576923076923 0.036057692307692304 0.028846153846153848 0.057692307692307696
1 0.3485576923076923 0.3449519230769231 0.038461538461538464 0.06009615384615385
1 0.9567307692307693 0.3449519230769231 0.03365384615384615 0.052884615384615384
1 0.03485576923076923 0.34975961538461536 0.03365384615384615 0.07211538461538461
1 0.7704326923076923 0.36177884615384615 0.03365384615384615 0.08653846153846154