1 0.3161057692307692 0.3762019230769231 0.08653846153846154 0.16105769230769232
0 0.9399038461538461 0.45072115384615385 0.08653846153846154 0.1466346153846154
0 0.7596153846153846 0.45552884615384615 0.038461538461538464 0.16105769230769232
1 0.17067307692307693 0.4639423076923077 0.0625 0.15865384615384615
0 0.6286057692307693 0.6213942307692307 0.11298076923076923 0.18028846153846154
0 0.38100961538461536 0.6274038461538461 0.04326923076923077 0.16826923076923078
1 0.8485576923076923 0.06971153846153846 0.0625 0.125
1 0.7932692307692307 0.8425480769230769 0.09615384615384616 0.21634615384615385
0 0.7704326923076923 0.09495192307692307 0.055288461538461536 0.12980769230769232
0 0.36778846153846156 0.09735576923076923 0.06009615384615385 0.1201923076923077
0 0.9110576923076923 0.10817307692307693 0.052884615384615384 0.11057692307692307
0 0.12980769230769232 0.11177884615384616 0.038461538461538464 0.10576923076923077
0 0.5600961538461539 0.12980769230769232 0.055288461538461536 0.09375
0 0.43028846153846156 0.24759615384615385 0.055288461538461536 0.09615384615384616
1 0.09615384615384616 0.2980769230769231 0.038461538461538464 0.11538461538461539
1 0.5084134615384616 0.31971153846153844 0.07692307692307693 0.15384615384615385