1 0.3762019230769231 0.6838942307692307 0.16105769230769232 0.08653846153846154
0 0.45072115384615385 0.06009615384615385 0.1466346153846154 0.08653846153846154
0 0.45552884615384615 0.2403846153846154 0.16105769230769232 0.038461538461538464
1 0.4639423076923077 0.8293269230769231 0.15865384615384615 0.0625
0 0.6213942307692307 0.3713942307692308 0.18028846153846154 0.11298076923076923
0 0.6274038461538461 0.6189903846153846 0.16826923076923078 0.04326923076923077
1 0.06971153846153846 0.15144230769230768 0.125 0.0625
1 0.8425480769230769 0.20673076923076922 0.21634615384615385 0.09615384615384616
0 0.09495192307692307 0.22956730769230768 0.12980769230769232 0.055288461538461536
0 0.09735576923076923 0.6322115384615384 0.1201923076923077 0.06009615384615385
0 0.10817307692307693 0.0889423076923077 0.11057692307692307 0.052884615384615384
0 0.11177884615384616 0.8701923076923077 0.10576923076923077 0.040865384615384616
0 0.12980769230769232 0.43990384615384615 0.09375 0.055288461538461536
0 0.24759615384615385 0.5697115384615384 0.09615384615384616 0.055288461538461536
1 0.2980769230769231 0.9038461538461539 0.11538461538461539 0.038461538461538464
1 0.31971153846153844 0.49158653846153844 0.15384615384615385 0.07692307692307693