1 0.359375 0.5793269230769231 0.04326923076923077 0.028846153846153848
1 0.36658653846153844 0.11899038461538461 0.05048076923076923 0.02403846153846154
1 0.36658653846153844 0.8677884615384616 0.05048076923076923 0.026442307692307692
1 0.36899038461538464 0.4639423076923077 0.052884615384615384 0.028846153846153848
1 0.3701923076923077 0.8293269230769231 0.05048076923076923 0.02403846153846154
1 0.3798076923076923 0.3317307692307692 0.05048076923076923 0.02403846153846154
1 0.38461538461538464 0.39663461538461536 0.05048076923076923 0.02403846153846154
1 0.390625 0.7379807692307693 0.04807692307692308 0.02403846153846154
1 0.39783653846153844 0.2668269230769231 0.04807692307692308 0.028846153846153848
1 0.4230769230769231 0.5685096153846154 0.052884615384615384 0.02403846153846154
0 0.4495192307692308 0.7115384615384616 0.05048076923076923 0.028846153846153848
1 0.4519230769230769 0.6394230769230769 0.052884615384615384 0.02403846153846154
1 0.453125 0.2824519230769231 0.057692307692307696 0.02403846153846154
1 0.45552884615384615 0.9278846153846154 0.04807692307692308 0.02403846153846154
1 0.47115384615384615 0.9855769230769231 0.057692307692307696 0.026442307692307692
1 0.5108173076923077 0.40384615384615385 0.05048076923076923 0.028846153846153848
1 0.5264423076923077 0.056490384615384616 0.052884615384615384 0.028846153846153848
1 0.5324519230769231 0.5492788461538461 0.057692307692307696 0.02403846153846154
1 0.5432692307692307 0.3016826923076923 0.06490384615384616 0.03365384615384615
1 0.5540865384615384 0.7103365384615384 0.057692307692307696 0.028846153846153848
0 0.5649038461538461 0.8882211538461539 0.05048076923076923 0.028846153846153848
1 0.5757211538461539 0.5264423076923077 0.057692307692307696 0.03365384615384615
1 0.5973557692307693 0.057692307692307696 0.057692307692307696 0.028846153846153848
1 0.5985576923076923 0.7379807692307693 0.0625 0.02403846153846154
1 0.6117788461538461 0.6237980769230769 0.057692307692307696 0.028846153846153848
0 0.6262019230769231 0.8377403846153846 0.05048076923076923 0.02403846153846154
1 0.6947115384615384 0.6225961538461539 0.06490384615384616 0.02403846153846154
1 0.6983173076923077 0.59375 0.057692307692307696 0.03365384615384615
1 0.7427884615384616 0.39663461538461536 0.0625 0.03365384615384615
1 0.765625 0.6706730769230769 0.06490384615384616 0.03365384615384615
1 0.7728365384615384 0.05889423076923077 0.06490384615384616 0.028846153846153848
1 0.7932692307692307 0.09495192307692307 0.0673076923076923 0.03365384615384615
1 0.8125 0.35096153846153844 0.057692307692307696 0.028846153846153848
1 0.859375 0.45072115384615385 0.06490384615384616 0.03365384615384615
1 0.9014423076923077 0.24639423076923078 0.07692307692307693 0.038461538461538464
1 0.9206730769230769 0.5865384615384616 0.07211538461538461 0.03365384615384615
1 0.9314903846153846 0.7536057692307693 0.07211538461538461 0.03365384615384615
1 0.9591346153846154 0.09375 0.07692307692307693 0.04807692307692308
1 0.2283653846153846 0.49399038461538464 0.04807692307692308 0.02403846153846154
0 0.234375 0.65625 0.05048076923076923 0.02403846153846154
1 0.234375 0.22596153846153846 0.04326923076923077 0.02403846153846154
1 0.2764423076923077 0.1502403846153846 0.04326923076923077 0.019230769230769232
0 0.28365384615384615 0.7331730769230769 0.04326923076923077 0.02403846153846154
1 0.28365384615384615 0.6334134615384616 0.04326923076923077 0.02403846153846154
0 0.2860576923076923 0.8617788461538461 0.04807692307692308 0.02403846153846154
1 0.2932692307692308 0.4387019230769231 0.038461538461538464 0.02403846153846154
1 0.31490384615384615 0.5408653846153846 0.04807692307692308 0.028846153846153848
1 0.31490384615384615 0.07692307692307693 0.04807692307692308 0.019230769230769232
1 0.3581730769230769 0.5132211538461539 0.04807692307692308 0.02403846153846154