1 0.04447115384615385 0.34975961538461536 0.07211538461538461 0.038461538461538464
1 0.49278846153846156 0.25 0.11057692307692307 0.04326923076923077
1 0.4951923076923077 0.4362980769230769 0.13221153846153846 0.0673076923076923
1 0.5 0.6286057692307693 0.13221153846153846 0.052884615384615384
1 0.5216346153846154 0.35697115384615385 0.1778846153846154 0.06009615384615385
1 0.5925480769230769 0.5408653846153846 0.13221153846153846 0.052884615384615384
1 0.6153846153846154 0.8798076923076923 0.14903846153846154 0.036057692307692304
0 0.6526442307692307 0.8173076923076923 0.18269230769230768 0.05048076923076923
0 0.7211538461538461 0.11057692307692307 0.14182692307692307 0.06971153846153846
1 0.75 0.28846153846153844 0.20673076923076922 0.04326923076923077
0 0.7716346153846154 0.7367788461538461 0.18269230769230768 0.0625
0 0.7872596153846154 0.5168269230769231 0.13221153846153846 0.038461538461538464
1 0.8341346153846154 0.6274038461538461 0.23557692307692307 0.08653846153846154
1 0.8677884615384616 0.36778846153846156 0.21153846153846154 0.055288461538461536
1 0.09014423076923077 0.17908653846153846 0.09134615384615384 0.02403846153846154
0 0.11538461538461539 0.32091346153846156 0.09615384615384616 0.04326923076923077
0 0.12139423076923077 0.42788461538461536 0.10096153846153846 0.038461538461538464
0 0.1310096153846154 0.27403846153846156 0.08413461538461539 0.03365384615384615
1 0.1658653846153846 0.49158653846153844 0.12980769230769232 0.04326923076923077
0 0.16826923076923078 0.7536057692307693 0.125 0.038461538461538464
1 0.17908653846153846 0.5300480769230769 0.11057692307692307 0.028846153846153848
0 0.1971153846153846 0.38100961538461536 0.12980769230769232 0.057692307692307696
1 0.22596153846153846 0.5552884615384616 0.13221153846153846 0.028846153846153848
1 0.23918269230769232 0.6850961538461539 0.14182692307692307 0.03125
0 0.24519230769230768 0.23557692307692307 0.09134615384615384 0.04326923076923077
1 0.26322115384615385 0.4543269230769231 0.09134615384615384 0.04807692307692308
1 0.26802884615384615 0.7848557692307693 0.08413461538461539 0.05048076923076923
0 0.27403846153846156 0.8569711538461539 0.09615384615384616 0.05048076923076923
1 0.3161057692307692 0.6298076923076923 0.1201923076923077 0.06490384615384616
0 0.3269230769230769 0.7223557692307693 0.09615384615384616 0.04326923076923077
1 0.38221153846153844 0.32091346153846156 0.10096153846153846 0.052884615384615384
0 0.4206730769230769 0.8665865384615384 0.125 0.057692307692307696
1 0.4338942307692308 0.5288461538461539 0.10576923076923077 0.04326923076923077