1 0.6237980769230769 0.6838942307692307 0.16105769230769232 0.08653846153846154
0 0.5492788461538461 0.06009615384615385 0.1466346153846154 0.08653846153846154
0 0.5444711538461539 0.2403846153846154 0.16105769230769232 0.038461538461538464
1 0.5360576923076923 0.8293269230769231 0.15865384615384615 0.0625
0 0.3786057692307692 0.3713942307692308 0.18028846153846154 0.11298076923076923
0 0.37259615384615385 0.6189903846153846 0.16826923076923078 0.04326923076923077
1 0.9302884615384616 0.15144230769230768 0.125 0.0625
1 0.15745192307692307 0.20673076923076922 0.21634615384615385 0.09615384615384616
0 0.9050480769230769 0.22956730769230768 0.12980769230769232 0.055288461538461536
0 0.9026442307692307 0.6322115384615384 0.1201923076923077 0.06009615384615385
0 0.8918269230769231 0.0889423076923077 0.11057692307692307 0.052884615384615384
0 0.8882211538461539 0.8701923076923077 0.10576923076923077 0.040865384615384616
0 0.8701923076923077 0.43990384615384615 0.09375 0.055288461538461536
0 0.7524038461538461 0.5697115384615384 0.09615384615384616 0.055288461538461536
1 0.7019230769230769 0.9038461538461539 0.11538461538461539 0.038461538461538464
1 0.6802884615384616 0.49158653846153844 0.15384615384615385 0.07692307692307693