1 0.359375 0.4206730769230769 0.04326923076923077 0.028846153846153848
1 0.36658653846153844 0.8810096153846154 0.05048076923076923 0.02403846153846154
1 0.36658653846153844 0.13221153846153846 0.05048076923076923 0.02403846153846154
1 0.36899038461538464 0.5360576923076923 0.052884615384615384 0.028846153846153848
1 0.3701923076923077 0.17067307692307693 0.05048076923076923 0.02403846153846154
1 0.3798076923076923 0.6682692307692307 0.05048076923076923 0.02403846153846154
1 0.38461538461538464 0.6033653846153846 0.05048076923076923 0.02403846153846154
1 0.390625 0.2620192307692308 0.04807692307692308 0.02403846153846154
1 0.39783653846153844 0.7331730769230769 0.04807692307692308 0.028846153846153848
1 0.4230769230769231 0.43149038461538464 0.052884615384615384 0.02403846153846154
0 0.4495192307692308 0.28846153846153844 0.05048076923076923 0.028846153846153848
1 0.4519230769230769 0.3605769230769231 0.052884615384615384 0.02403846153846154
1 0.453125 0.7175480769230769 0.057692307692307696 0.02403846153846154
1 0.45552884615384615 0.07211538461538461 0.04807692307692308 0.02403846153846154
1 0.47115384615384615 0.014423076923076924 0.057692307692307696 0.02403846153846154
1 0.5108173076923077 0.5961538461538461 0.05048076923076923 0.028846153846153848
1 0.5264423076923077 0.9435096153846154 0.052884615384615384 0.028846153846153848
1 0.5324519230769231 0.45072115384615385 0.057692307692307696 0.02403846153846154
1 0.5432692307692307 0.6983173076923077 0.06490384615384616 0.03365384615384615
1 0.5540865384615384 0.28966346153846156 0.057692307692307696 0.028846153846153848
0 0.5649038461538461 0.11177884615384616 0.05048076923076923 0.028846153846153848
1 0.5757211538461539 0.4735576923076923 0.057692307692307696 0.03365384615384615
1 0.5973557692307693 0.9423076923076923 0.057692307692307696 0.03125
1 0.5985576923076923 0.2620192307692308 0.0625 0.02403846153846154
1 0.6117788461538461 0.3762019230769231 0.057692307692307696 0.028846153846153848
0 0.6262019230769231 0.1622596153846154 0.05048076923076923 0.02403846153846154
1 0.6947115384615384 0.37740384615384615 0.06490384615384616 0.02403846153846154
1 0.6983173076923077 0.40625 0.057692307692307696 0.03365384615384615
1 0.7427884615384616 0.6033653846153846 0.0625 0.03365384615384615
1 0.765625 0.3293269230769231 0.06490384615384616 0.03365384615384615
1 0.7728365384615384 0.9411057692307693 0.06490384615384616 0.028846153846153848
1 0.7932692307692307 0.9050480769230769 0.0673076923076923 0.03365384615384615
1 0.8125 0.6490384615384616 0.057692307692307696 0.028846153846153848
1 0.859375 0.5492788461538461 0.06490384615384616 0.03365384615384615
1 0.9014423076923077 0.7536057692307693 0.07692307692307693 0.038461538461538464
1 0.9206730769230769 0.41346153846153844 0.07211538461538461 0.03365384615384615
1 0.9314903846153846 0.24639423076923078 0.07211538461538461 0.03365384615384615
1 0.9591346153846154 0.90625 0.07692307692307693 0.04807692307692308
1 0.2283653846153846 0.5060096153846154 0.04807692307692308 0.02403846153846154
0 0.234375 0.34375 0.05048076923076923 0.02403846153846154
1 0.234375 0.7740384615384616 0.04326923076923077 0.02403846153846154
1 0.2764423076923077 0.8497596153846154 0.04326923076923077 0.021634615384615384
0 0.28365384615384615 0.2668269230769231 0.04326923076923077 0.02403846153846154
1 0.28365384615384615 0.36658653846153844 0.04326923076923077 0.02403846153846154
0 0.2860576923076923 0.13822115384615385 0.04807692307692308 0.02403846153846154
1 0.2932692307692308 0.5612980769230769 0.038461538461538464 0.02403846153846154
1 0.31490384615384615 0.45913461538461536 0.04807692307692308 0.028846153846153848
1 0.31490384615384615 0.9230769230769231 0.04807692307692308 0.019230769230769232
1 0.3581730769230769 0.48677884615384615 0.04807692307692308 0.02403846153846154