1 0.65625 0.49038461538461536 0.057692307692307696 0.16826923076923078
1 0.8377403846153846 0.6057692307692307 0.06971153846153846 0.18269230769230768
1 0.4411057692307692 0.06971153846153846 0.028846153846153848 0.08653846153846154
1 0.3401442307692308 0.10216346153846154 0.03365384615384615 0.0673076923076923
0 0.24759615384615385 0.11778846153846154 0.028846153846153848 0.08173076923076923
1 0.7608173076923077 0.12860576923076922 0.03365384615384615 0.10576923076923077
1 0.18389423076923078 0.13822115384615385 0.03365384615384615 0.08653846153846154
1 0.34375 0.22115384615384615 0.04807692307692308 0.1346153846153846
1 0.46274038461538464 0.23317307692307693 0.038461538461538464 0.12980769230769232
1 0.5793269230769231 0.2980769230769231 0.052884615384615384 0.1346153846153846
1 0.14903846153846154 0.03245192307692308 0.038461538461538464 0.06490384615384616
1 0.43028846153846156 0.4050480769230769 0.06009615384615385 0.13942307692307693