1 0.3425480769230769 0.4891826923076923 0.1346153846153846 0.0625
0 0.32211538461538464 0.24759615384615385 0.12259615384615384 0.057692307692307696
1 0.25721153846153844 0.7403846153846154 0.11057692307692307 0.05048076923076923
1 0.17908653846153846 0.23197115384615385 0.1201923076923077 0.0625
1 0.9134615384615384 0.45072115384615385 0.09134615384615384 0.040865384615384616
1 0.12620192307692307 0.9122596153846154 0.1201923076923077 0.06009615384615385
1 0.9122596153846154 0.9663461538461539 0.07692307692307693 0.03125
1 0.9110576923076923 0.7475961538461539 0.09134615384615384 0.028846153846153848
1 0.07091346153846154 0.43149038461538464 0.13942307692307693 0.06971153846153846
1 0.9050480769230769 0.7091346153846154 0.08173076923076923 0.04567307692307692
1 0.9002403846153846 0.016826923076923076 0.08173076923076923 0.03125
1 0.875 0.4855769230769231 0.0625 0.019230769230769232
1 0.8725961538461539 0.5625 0.08653846153846154 0.04326923076923077
1 0.8653846153846154 0.07211538461538461 0.09134615384615384 0.038461538461538464
1 0.8413461538461539 0.9194711538461539 0.10576923076923077 0.03125
0 0.828125 0.28846153846153844 0.08413461538461539 0.038461538461538464
1 0.796875 0.40625 0.07692307692307693 0.038461538461538464
1 0.7920673076923077 0.7115384615384616 0.08653846153846154 0.038461538461538464
1 0.7860576923076923 0.8581730769230769 0.11538461538461539 0.04567307692307692
1 0.7788461538461539 0.026442307692307692 0.08173076923076923 0.03125
1 0.7644230769230769 0.23557692307692307 0.08413461538461539 0.04326923076923077
1 0.7584134615384616 0.6165865384615384 0.10817307692307693 0.04807692307692308
1 0.7427884615384616 0.6754807692307693 0.09134615384615384 0.04326923076923077
1 0.7403846153846154 0.18269230769230768 0.10096153846153846 0.04807692307692308
1 0.7307692307692307 0.4723557692307692 0.09134615384615384 0.038461538461538464
1 0.7115384615384616 0.3641826923076923 0.09134615384615384 0.04567307692307692
1 0.9675480769230769 0.34375 0.06009615384615385 0.038461538461538464
1 0.6610576923076923 0.9759615384615384 0.1201923076923077 0.04326923076923077
1 0.9627403846153846 0.12740384615384615 0.06971153846153846 0.038461538461538464
1 0.6262019230769231 0.34134615384615385 0.10096153846153846 0.04567307692307692
1 0.6201923076923077 0.7548076923076923 0.08173076923076923 0.04326923076923077
1 0.6129807692307693 0.4074519230769231 0.10817307692307693 0.04807692307692308
1 0.9579326923076923 0.5048076923076923 0.07932692307692307 0.04807692307692308
1 0.5745192307692307 0.04567307692307692 0.09615384615384616 0.04326923076923077
1 0.5612980769230769 0.9038461538461539 0.11538461538461539 0.04567307692307692
1 0.53125 0.30288461538461536 0.10096153846153846 0.04807692307692308
1 0.5228365384615384 0.6814903846153846 0.10096153846153846 0.04326923076923077
1 0.4951923076923077 0.4495192307692308 0.11057692307692307 0.04807692307692308
1 0.4675480769230769 0.8641826923076923 0.125 0.052884615384615384
1 0.46153846153846156 0.08413461538461539 0.10576923076923077 0.057692307692307696
1 0.9399038461538461 0.19110576923076922 0.08413461538461539 0.038461538461538464