1 0.6574519230769231 0.5108173076923077 0.1346153846153846 0.0625
0 0.6778846153846154 0.7524038461538461 0.12259615384615384 0.057692307692307696
1 0.7427884615384616 0.25961538461538464 0.11057692307692307 0.05048076923076923
1 0.8209134615384616 0.7680288461538461 0.1201923076923077 0.0625
1 0.08653846153846154 0.5492788461538461 0.09134615384615384 0.040865384615384616
1 0.8737980769230769 0.08774038461538461 0.1201923076923077 0.057692307692307696
1 0.08774038461538461 0.03365384615384615 0.07692307692307693 0.03125
1 0.0889423076923077 0.25240384615384615 0.09134615384615384 0.028846153846153848
1 0.9290865384615384 0.5685096153846154 0.13942307692307693 0.06971153846153846
1 0.09495192307692307 0.29086538461538464 0.08173076923076923 0.04567307692307692
1 0.09975961538461539 0.9831730769230769 0.08173076923076923 0.03125
1 0.125 0.5144230769230769 0.0625 0.019230769230769232
1 0.12740384615384615 0.4375 0.08653846153846154 0.04326923076923077
1 0.1346153846153846 0.9278846153846154 0.09134615384615384 0.038461538461538464
1 0.15865384615384615 0.08052884615384616 0.10576923076923077 0.028846153846153848
0 0.171875 0.7115384615384616 0.08413461538461539 0.038461538461538464
1 0.203125 0.59375 0.07692307692307693 0.038461538461538464
1 0.20793269230769232 0.28846153846153844 0.08653846153846154 0.038461538461538464
1 0.21394230769230768 0.14182692307692307 0.11538461538461539 0.04567307692307692
1 0.22115384615384615 0.9735576923076923 0.08173076923076923 0.03125
1 0.23557692307692307 0.7644230769230769 0.08413461538461539 0.04326923076923077
1 0.24158653846153846 0.38341346153846156 0.10817307692307693 0.04807692307692308
1 0.25721153846153844 0.3245192307692308 0.09134615384615384 0.04326923076923077
1 0.25961538461538464 0.8173076923076923 0.10096153846153846 0.04807692307692308
1 0.2692307692307692 0.5276442307692307 0.09134615384615384 0.038461538461538464
1 0.28846153846153844 0.6358173076923077 0.09134615384615384 0.04567307692307692
1 0.03125 0.6574519230769231 0.0625 0.036057692307692304
1 0.3389423076923077 0.02403846153846154 0.1201923076923077 0.04326923076923077
1 0.036057692307692304 0.8725961538461539 0.07211538461538461 0.036057692307692304
1 0.3737980769230769 0.6586538461538461 0.10096153846153846 0.04567307692307692
1 0.3798076923076923 0.24519230769230768 0.08173076923076923 0.04326923076923077
1 0.3870192307692308 0.5925480769230769 0.10817307692307693 0.04807692307692308
1 0.040865384615384616 0.4963942307692308 0.08173076923076923 0.04567307692307692
1 0.4254807692307692 0.9543269230769231 0.09615384615384616 0.04567307692307692
1 0.4387019230769231 0.09615384615384616 0.11538461538461539 0.04326923076923077
1 0.46875 0.6971153846153846 0.10096153846153846 0.04807692307692308
1 0.47716346153846156 0.31850961538461536 0.10096153846153846 0.04326923076923077
1 0.5048076923076923 0.5504807692307693 0.11057692307692307 0.04807692307692308
1 0.5324519230769231 0.13581730769230768 0.125 0.052884615384615384
1 0.5384615384615384 0.9158653846153846 0.10576923076923077 0.057692307692307696
1 0.06009615384615385 0.8088942307692307 0.08413461538461539 0.038461538461538464