0 0.7151442307692307 0.4543269230769231 0.04326923076923077 0.019230769230769232
0 0.703125 0.5661057692307693 0.05048076923076923 0.016826923076923076
0 0.6658653846153846 0.12980769230769232 0.05048076923076923 0.019230769230769232
0 0.6622596153846154 0.9723557692307693 0.05048076923076923 0.021634615384615384
0 0.6394230769230769 0.7860576923076923 0.057692307692307696 0.021634615384615384
0 0.6382211538461539 0.40384615384615385 0.04567307692307692 0.016826923076923076
0 0.6370192307692307 0.3629807692307692 0.04326923076923077 0.019230769230769232
0 0.5637019230769231 0.39903846153846156 0.057692307692307696 0.02403846153846154
0 0.5168269230769231 0.6935096153846154 0.057692307692307696 0.019230769230769232
0 0.5108173076923077 0.10817307692307693 0.057692307692307696 0.02403846153846154
0 0.49038461538461536 0.3629807692307692 0.057692307692307696 0.02403846153846154
0 0.39302884615384615 0.6838942307692307 0.057692307692307696 0.02403846153846154
0 0.2644230769230769 0.5108173076923077 0.052884615384615384 0.02403846153846154
0 0.24759615384615385 0.27524038461538464 0.057692307692307696 0.02403846153846154
0 0.19951923076923078 0.21754807692307693 0.04807692307692308 0.028846153846153848
0 0.8449519230769231 0.13942307692307693 0.04807692307692308 0.019230769230769232
0 0.8209134615384616 0.5132211538461539 0.04807692307692308 0.016826923076923076
0 0.8197115384615384 0.39302884615384615 0.04567307692307692 0.016826923076923076
0 0.7956730769230769 0.45552884615384615 0.038461538461538464 0.019230769230769232