0 0.5456730769230769 0.2848557692307692 0.019230769230769232 0.04326923076923077
0 0.4338942307692308 0.296875 0.016826923076923076 0.05048076923076923
0 0.8701923076923077 0.33413461538461536 0.019230769230769232 0.05048076923076923
0 0.027644230769230768 0.33774038461538464 0.021634615384615384 0.05048076923076923
0 0.21394230769230768 0.3605769230769231 0.021634615384615384 0.057692307692307696
0 0.5961538461538461 0.36177884615384615 0.016826923076923076 0.04567307692307692
0 0.6370192307692307 0.3629807692307692 0.019230769230769232 0.04326923076923077
0 0.6009615384615384 0.4362980769230769 0.02403846153846154 0.057692307692307696
0 0.30649038461538464 0.4831730769230769 0.019230769230769232 0.057692307692307696
0 0.8918269230769231 0.4891826923076923 0.02403846153846154 0.057692307692307696
0 0.6370192307692307 0.5096153846153846 0.02403846153846154 0.057692307692307696
0 0.3161057692307692 0.6069711538461539 0.02403846153846154 0.057692307692307696
0 0.4891826923076923 0.7355769230769231 0.02403846153846154 0.052884615384615384
0 0.7247596153846154 0.7524038461538461 0.02403846153846154 0.057692307692307696
0 0.7824519230769231 0.8004807692307693 0.028846153846153848 0.04807692307692308
0 0.8605769230769231 0.15504807692307693 0.019230769230769232 0.04807692307692308
0 0.48677884615384615 0.17908653846153846 0.016826923076923076 0.04807692307692308
0 0.6069711538461539 0.18028846153846154 0.016826923076923076 0.04567307692307692
0 0.5444711538461539 0.20432692307692307 0.019230769230769232 0.038461538461538464