0 0.3425480769230769 0.8425480769230769 0.028846153846153848 0.014423076923076924
1 0.35697115384615385 0.875 0.02403846153846154 0.014423076923076924
1 0.36538461538461536 0.7403846153846154 0.05048076923076923 0.021634615384615384
0 0.36778846153846156 0.8052884615384616 0.028846153846153848 0.016826923076923076
1 0.3786057692307692 0.9146634615384616 0.038461538461538464 0.021634615384615384
0 0.38100961538461536 0.7728365384615384 0.04326923076923077 0.019230769230769232
1 0.3894230769230769 0.6923076923076923 0.05048076923076923 0.021634615384615384
1 0.41346153846153844 0.65625 0.04807692307692308 0.02403846153846154
1 0.4170673076923077 0.8449519230769231 0.04326923076923077 0.016826923076923076
1 0.4375 0.5012019230769231 0.06490384615384616 0.03365384615384615
1 0.44711538461538464 0.6021634615384616 0.06009615384615385 0.026442307692307692
0 0.4963942307692308 0.25240384615384615 0.07692307692307693 0.038461538461538464
1 0.49759615384615385 0.44711538461538464 0.06971153846153846 0.038461538461538464
0 0.5865384615384616 0.14423076923076922 0.10096153846153846 0.052884615384615384