0 0.6574519230769231 0.15745192307692307 0.028846153846153848 0.014423076923076924
1 0.6430288461538461 0.125 0.02403846153846154 0.014423076923076924
1 0.6346153846153846 0.25961538461538464 0.05048076923076923 0.021634615384615384
0 0.6322115384615384 0.19471153846153846 0.028846153846153848 0.016826923076923076
1 0.6213942307692307 0.08533653846153846 0.038461538461538464 0.019230769230769232
0 0.6189903846153846 0.22716346153846154 0.04326923076923077 0.019230769230769232
1 0.6105769230769231 0.3076923076923077 0.05048076923076923 0.021634615384615384
1 0.5865384615384616 0.34375 0.04807692307692308 0.02403846153846154
1 0.5829326923076923 0.15504807692307693 0.04326923076923077 0.016826923076923076
1 0.5625 0.4987980769230769 0.06490384615384616 0.03365384615384615
1 0.5528846153846154 0.39783653846153844 0.06009615384615385 0.026442307692307692
0 0.5036057692307693 0.7475961538461539 0.07692307692307693 0.038461538461538464
1 0.5024038461538461 0.5528846153846154 0.06971153846153846 0.038461538461538464
0 0.41346153846153844 0.8557692307692307 0.10096153846153846 0.052884615384615384