1 0.10336538461538461 0.3605769230769231 0.07211538461538461 0.057692307692307696
1 0.1045673076923077 0.6670673076923077 0.05048076923076923 0.04326923076923077
0 0.12139423076923077 0.5024038461538461 0.0889423076923077 0.0673076923076923
1 0.14543269230769232 0.7223557692307693 0.10096153846153846 0.038461538461538464
1 0.15504807692307693 0.2439903846153846 0.07692307692307693 0.06490384615384616
1 0.19471153846153846 0.4266826923076923 0.07932692307692307 0.06009615384615385
1 0.19591346153846154 0.12139423076923077 0.08653846153846154 0.0673076923076923
1 0.2127403846153846 0.7788461538461539 0.09375 0.06971153846153846
1 0.02403846153846154 0.34134615384615385 0.04807692307692308 0.04807692307692308
1 0.234375 0.04447115384615385 0.07211538461538461 0.07211538461538461
1 0.025240384615384616 0.5829326923076923 0.04807692307692308 0.04807692307692308
1 0.2668269230769231 0.9230769230769231 0.11778846153846154 0.08173076923076923
1 0.2704326923076923 0.6346153846153846 0.11298076923076923 0.04807692307692308
1 0.2920673076923077 0.7091346153846154 0.11538461538461539 0.09134615384615384
1 0.3473557692307692 0.8125 0.1201923076923077 0.0889423076923077
1 0.4110576923076923 0.1814903846153846 0.10576923076923077 0.052884615384615384
1 0.4182692307692308 0.46033653846153844 0.11298076923076923 0.08173076923076923
1 0.4375 0.109375 0.10336538461538461 0.08173076923076923
1 0.4963942307692308 0.8100961538461539 0.13942307692307693 0.09134615384615384
1 0.578125 0.5060096153846154 0.11298076923076923 0.09134615384615384
1 0.65625 0.052884615384615384 0.12259615384615384 0.10576923076923077
1 0.7704326923076923 0.921875 0.18990384615384615 0.14423076923076922
1 0.0829326923076923 0.2824519230769231 0.055288461538461536 0.04326923076923077