1 0.8966346153846154 0.3605769230769231 0.07211538461538461 0.057692307692307696
1 0.8954326923076923 0.6670673076923077 0.05048076923076923 0.04326923076923077
0 0.8786057692307693 0.5024038461538461 0.0889423076923077 0.0673076923076923
1 0.8545673076923077 0.7223557692307693 0.10096153846153846 0.038461538461538464
1 0.8449519230769231 0.2439903846153846 0.07692307692307693 0.06490384615384616
1 0.8052884615384616 0.4266826923076923 0.07932692307692307 0.06009615384615385
1 0.8040865384615384 0.12139423076923077 0.08653846153846154 0.0673076923076923
1 0.7872596153846154 0.7788461538461539 0.09375 0.06971153846153846
1 0.9747596153846154 0.3425480769230769 0.04567307692307692 0.05048076923076923
1 0.765625 0.04447115384615385 0.07211538461538461 0.07211538461538461
1 0.9747596153846154 0.5829326923076923 0.04807692307692308 0.04807692307692308
1 0.7331730769230769 0.9230769230769231 0.11778846153846154 0.08173076923076923
1 0.7295673076923077 0.6346153846153846 0.11298076923076923 0.04807692307692308
1 0.7079326923076923 0.7091346153846154 0.11538461538461539 0.09134615384615384
1 0.6526442307692307 0.8125 0.1201923076923077 0.0889423076923077
1 0.5889423076923077 0.1814903846153846 0.10576923076923077 0.052884615384615384
1 0.5817307692307693 0.46033653846153844 0.11298076923076923 0.08173076923076923
1 0.5625 0.109375 0.10336538461538461 0.08173076923076923
1 0.5036057692307693 0.8100961538461539 0.13942307692307693 0.09134615384615384
1 0.421875 0.5060096153846154 0.11298076923076923 0.09134615384615384
1 0.34375 0.052884615384615384 0.12259615384615384 0.10576923076923077
1 0.22956730769230768 0.921875 0.18990384615384615 0.14423076923076922
1 0.9170673076923077 0.2824519230769231 0.055288461538461536 0.04326923076923077